t	POCSmin	rNBKmin	NBKmin	POCSmax	rNBKmax	NBKmax	POCSmedian	rNBKmedian	NBKmedian	POCSquant25	rNBKquant25	NBKquant25	POCSquant75	rNBKquant75	NBKquant75
0.141973064	0.000452645301280042	1.07626034561613	0.0124190290044009	0.160996961058653	4.99184703954826	7.13669993503962	0.0122051532770615	1.84366518562304	3.73898847020716	0.0032206639127968	1.34926101836933	2.35350765827349	0.0472168785211343	2.17233259982041	4.43300560587891
0.283946128	2.49228524934518e-08	0.844185311049588	7.67592630821014e-07	0.0360149542690808	1.92549826446534	8.18069468910807	3.52438516456224e-05	1.01041132617193	2.65153494562162	1.09744812955313e-06	0.953190155601773	1.71715349539077	0.000834825895043922	1.10157499295982	3.50253942079054
0.425919192	2.59017547569282e-12	0.72070832158205	1.44118962934519e-09	0.0023857533756281	1.35301888070989	6.50061591069757	1.36968894051499e-07	0.925788643334044	2.46149881375036	2.11198320188348e-10	0.869712177739156	1.91854750112031	1.12751271646388e-05	1.02326993443666	3.50530771300834
0.567892256	3.08561619017543e-15	0.667571307690621	4.9100209479689e-14	0.000360828796579909	1.8209641921274	5.24134851599797	2.66553827496652e-10	0.853691999151545	2.54595940119559	6.57701943752794e-14	0.786009471121516	1.79092194155782	1.80088034512536e-07	0.948705371593851	3.43961620707398
0.70986532	3.04818904002061e-15	0.322266375698795	0.386562197318381	4.95742754673701e-05	1.57483387755959	5.46861441145822	7.07386309377917e-13	0.775936777353939	2.56736880865339	4.69428275940641e-15	0.714120586420968	1.71848058804551	2.11780429828336e-09	0.899814643771656	2.98578212229991
0.851838384	3.02051573949735e-15	0.0218529247868676	0.547307589831434	1.00664531633086e-05	3.02494331826996	5.90853741456893	7.32328816824722e-15	0.745649923568773	2.4584119827031	4.80347059720259e-15	0.654006846716466	1.60048421912182	2.08725411774514e-11	0.840684480453939	3.34393116922004
0.993811448	2.84887019336478e-15	0.00110725719725805	0.537345532042567	1.47704687995606e-06	2.58262297109008	5.82109915860633	6.91497294504813e-15	0.754592027620423	2.2211484719916	3.97262008665119e-15	0.625873980509028	1.71766747054	5.93801589167004e-13	0.863435851645031	3.3948844311944
1.135784512	2.97981667483134e-15	2.16212144841784e-05	0.384681758100429	1.87804341528289e-07	2.30962064220295	6.52126212030956	5.0251096660853e-15	0.817785303948532	2.3767932857848	3.73264458820162e-15	0.588675438438334	1.75128497990201	1.08528345485475e-14	0.977792386390063	3.16697507084686
1.277757576	2.50877242057893e-15	6.20536473850326e-07	0.357677163110988	3.24448633460658e-08	2.76573363964719	7.31236559664065	4.78934641876059e-15	0.783649092037183	2.39328882078005	3.75381903804792e-15	0.551276293245111	1.61334223354111	8.08422777657643e-15	1.04194129293158	2.90317250240359
1.41973064	2.43522555110552e-15	2.19464252502004e-09	0.419000258408998	3.68436169785776e-09	2.86164911016904	6.60827945935188	4.81986176586179e-15	0.834660743210078	2.02485547571507	3.73780810177987e-15	0.471989276769896	1.42554675457993	6.78904626932905e-15	1.02303739638516	2.86942426211665
1.561703704	2.95684825034027e-15	9.59171274333776e-11	0.722917786762809	5.95533670489079e-10	2.27956945932967	4.68774861445291	4.60508412253801e-15	0.884734290984444	1.9067798967511	3.92768097597983e-15	0.477084881753142	1.21230641112201	5.70863698449699e-15	1.16268194083586	2.72934891178633
1.703676768	2.42952466411807e-15	7.5184779173572e-13	0.527806080037506	7.69271397928105e-11	2.43923410381203	7.12243417665263	4.50420352747306e-15	0.783242628854457	1.73019450728334	3.99911350202258e-15	0.278758795197433	1.09991679122914	6.4767454444355e-15	1.13438060306296	2.7265370716491
1.845649832	2.73388897510085e-15	1.00978201980651e-13	0.470315220924289	1.76804679785232e-11	3.04699407426617	5.13753436621466	4.70145218106172e-15	0.943942467915234	1.80249798506064	3.85142991649405e-15	0.230535239846806	1.21595867993037	6.51179425031343e-15	1.21667878624068	2.75152758625462
1.987622896	2.72188671881635e-15	9.49835144862905e-14	0.385200163837994	2.36861142351733e-12	2.53972449161802	6.51586101386962	4.77786043293277e-15	0.932669753813465	1.97110668472564	3.98401433681883e-15	0.185555184820082	1.21579138549777	5.9654470188894e-15	1.35704210553694	2.61463014911322
2.12959596	2.32965031351987e-15	9.52486839209748e-14	0.353534491418939	4.51341393825759e-13	3.25509639709728	7.47527791487107	4.95963127766753e-15	0.871216573550955	1.88460651275094	3.54885877363235e-15	0.16293684463032	1.2917657826199	6.29099400268194e-15	1.37105984085555	2.78844684979961
2.271569024	2.94339994934965e-15	9.27507618095186e-14	0.2221879312286	6.65914393941488e-14	3.11058211031022	7.74047081942493	4.55017359145146e-15	0.876165646880177	2.04833677773763	3.76775105744367e-15	0.117700779529248	1.20682764650003	6.42965407455668e-15	1.46063547948583	3.25123752678108
2.413542088	2.65961566767558e-15	9.0127726324332e-14	0.149456114954831	1.79757159271465e-14	3.31560119627417	9.37784269444181	4.61287777514083e-15	0.849717503920789	2.13942143050606	3.49532185788156e-15	0.0850005654075805	1.25984412315069	5.88988617953225e-15	1.53978030266914	3.34114884508898
2.555515152	2.38471925806511e-15	9.14175968972705e-14	0.10723790441551	1.7890573176219e-14	4.7294895215853	5.98021823378571	4.45221235885451e-15	0.727586436140046	2.5657490703034	3.677047070601e-15	0.0847628835757911	1.06733179195589	5.57751095715439e-15	1.47684461026258	3.32577051296713
2.697488216	2.72259419854623e-15	9.0691874224878e-14	0.0284289259040298	1.40433887309726e-14	4.53259983318588	6.79163175699299	4.47122089041764e-15	0.591581775267135	2.14382043631165	3.90010420389759e-15	0.0811288200575942	0.988111354119204	5.32903619544764e-15	1.78727085660924	3.23670449213119
2.83946128	2.81332573646455e-15	9.00117296960183e-14	0.017866327440765	1.12094733062571e-14	3.8837486184141	6.31420797109144	4.57939371794731e-15	0.706279435187034	2.02673975539261	3.7861055877258e-15	0.0735808022453402	1.15425309762486	5.59209629754516e-15	1.74321863595446	3.02045921511316
2.981434344	2.7957457120241e-15	9.00117296960183e-14	0.0165963188482208	1.15777352602905e-14	5.28794812585564	5.20168208485443	4.60039464596648e-15	0.8210901065065	2.12149567667646	3.91235471316471e-15	0.0573467922211211	0.994835823896004	6.3979209841955e-15	1.79967394634731	2.95936015565288
3.123407408	2.50692931582134e-15	9.0691874224878e-14	0.0221060483800887	1.52945562552587e-14	5.16442297028775	5.61217591856132	4.42593108012044e-15	0.961430683911619	1.74563962018956	3.75857933680444e-15	0.05311946050393	1.04942016324472	5.7699411676794e-15	2.07250585965569	2.89911461831862
3.265380472	2.41154267224772e-15	9.00117296960183e-14	0.0273546162948778	1.38526184321549e-14	5.71424395262903	7.79082865031177	4.59436489500735e-15	0.849354311540454	1.63566391576041	3.85561693626491e-15	0.0398974727029934	0.881582522876339	5.65272970366157e-15	1.83773270381541	2.93770042094019
3.407353536	2.4041840505866e-15	9.20464036165109e-14	0.0317280798102582	1.2488343581459e-14	6.75169543762686	4.5925072597025	4.84228296724279e-15	0.767369757738871	1.61790120499725	3.73879194202079e-15	0.0291104760583652	0.814227465813731	6.00542750644799e-15	2.00270861777859	2.69042567857994
3.5493266	2.88577911135458e-15	9.1531884504325e-14	0.0385680604131762	1.16809101729309e-14	4.98277067926296	6.45909393780923	4.34062773177891e-15	0.886107883128925	1.8901595132278	3.75824031703892e-15	0.0233478985410094	0.764377567205168	5.43045418503279e-15	1.7490853658966	2.89545762546319
3.691299664	2.75074418394524e-15	9.20464036165109e-14	0.0378097435752693	1.67933389435382e-14	4.61043873175174	6.25334082588834	4.37447493587116e-15	0.999740631767983	1.93649105357966	3.56007844214108e-15	0.0160874070582564	1.11571567283837	5.6789347185827e-15	1.78558738028805	2.95777917277987
3.833272728	2.14957928966899e-15	7.4998982037352e-14	0.0328144038065543	1.55654841916288e-14	5.84667261802851	4.97757831213568	4.43619514054587e-15	0.923985875815179	2.06303111648406	3.66970864252331e-15	0.0129043212339356	1.17613915864943	6.77482573223392e-15	1.70395577017469	2.88063430531333
3.975245792	2.85450948653416e-15	7.41660207411644e-14	0.0310516351324567	1.91787211576478e-14	4.99229374642358	4.54790537681367	4.64548020898272e-15	0.929538211083399	1.83335880430086	3.55771061139697e-15	0.0100504865326659	1.39984706425811	5.5648668154276e-15	2.02632603130886	3.13564997448112
4.117218856	2.88471109536265e-15	7.26021028541308e-14	0.0138479418529191	9.03749842741504e-15	7.25499231184467	5.91966437582203	4.73214202771552e-15	0.80086096442529	1.71691953578734	3.88372978523233e-15	0.00740671481458326	0.972788648274866	6.3346489057098e-15	2.09360324111566	2.78686355060858
4.25919192	2.51122778932967e-15	7.26021028541308e-14	0.00815393785891944	1.6130503262041e-14	5.94402502851113	6.18992271839434	4.8952619967241e-15	0.682124212601199	2.15703355513031	3.63762239983861e-15	0.00548579493473559	1.12862558953556	6.09179286277326e-15	2.22901407921914	3.05011235307926
4.401164984	2.47911831878362e-15	7.26021028541308e-14	0.00520456349300435	1.23766839177842e-14	5.72840637270031	6.5991255637181	4.63081178500265e-15	0.675517086947701	1.91052734940774	3.88822396893371e-15	0.00451680812682057	1.13273998165895	5.87658028592297e-15	1.97392760022285	2.87927646045712
4.543138048	2.6734829735029e-15	7.26021028541308e-14	0.00324395233671766	1.44813369217238e-14	5.0041015679721	5.35865457981316	4.6813325568475e-15	0.68573539673152	1.98377820896314	3.92931397552501e-15	0.00318302948762986	1.01368392953022	5.55269311750382e-15	2.02999730570749	2.54805827036354
4.685111112	2.46650106594958e-15	7.26021028541308e-14	0.00331577727970108	9.98703310958284e-15	5.43801671802347	5.81938678207041	4.85295990760913e-15	0.556477519881081	2.0394868257578	3.82423083821721e-15	0.00300072662592859	0.903277296552924	5.81911451707741e-15	1.83331437096114	3.2372129624641
4.827084176	2.46603252054735e-15	7.26021028541308e-14	0.00240070484330224	1.97948048498961e-14	6.20992272078718	7.66945033077482	4.65663911882754e-15	0.554247136749002	2.04260892596271	3.90091135970679e-15	0.00190837765044547	1.04038837549208	5.49608245129951e-15	2.24617155780487	2.938368352084
4.96905724	2.62697395813669e-15	7.26021028541308e-14	0.00122141252029572	8.66231905307593e-15	5.47967002564189	5.84332931828511	4.82280719798856e-15	0.567551250002289	1.89172966953874	4.0345552295569e-15	0.00169957552408063	0.748898041238123	5.99481152438864e-15	2.29573286094258	3.2138111879775
5.111030304	2.48098208422826e-15	7.29315724066211e-14	0.0005852299602183	1.72566929328008e-14	4.93867201767582	6.12977563802062	4.54664760460744e-15	0.667901158956899	1.75983529261922	3.6793646221433e-15	0.00121873667797067	0.659996774139597	5.81168987011384e-15	2.27801073654945	3.01357045966037
5.253003368	2.44343668377153e-15	7.26021028541308e-14	0.000507584229757348	1.25512296501617e-14	5.60075379434946	5.40634784269607	4.41345349571414e-15	0.786647226136783	2.05733728495664	3.79655355056689e-15	0.000855693529961917	0.815928976835021	5.81350058618996e-15	2.61893285092913	2.69384772328264
5.394976432	2.68555812741808e-15	7.29315724066211e-14	0.000500353924562897	1.20793208969185e-14	5.50077629244776	5.9795008792947	4.09343761150941e-15	0.691099298836605	1.79153750854312	3.8132614426044e-15	0.00067902293065757	0.853884636636474	5.54363101552025e-15	2.37283376746764	3.18260329403361
5.536949496	2.7552214917855e-15	7.29315724066211e-14	0.000441885914307695	1.37578651756158e-14	5.58891090762335	5.59944399995825	4.75877063539492e-15	0.950388146249466	1.83097471929725	3.95981754463894e-15	0.000496682334703569	0.974731068028467	5.96154338149611e-15	1.98421455090631	3.06867052518379
5.67892256	2.85828529438379e-15	7.26021028541308e-14	0.00031767242817223	1.29592681851454e-14	5.52457188686203	5.56612061555591	4.59759190984708e-15	0.789164677505037	2.05858259622455	3.65689299667731e-15	0.0003803234922506	0.959339589043123	5.55182432609355e-15	2.0568358554722	2.90619996290083
5.820895624	2.48222381708089e-15	7.29315724066211e-14	0.000169796418993223	1.03778390445261e-14	6.2134619667777	8.27342210814069	4.42420663947576e-15	0.815132986929801	2.05606284343488	3.93203470204326e-15	0.000283807681041189	0.831669332454612	5.64421662375198e-15	2.23749952796383	2.57727915349292
5.962868688	2.96634265214193e-15	7.29315724066211e-14	7.24249313700227e-05	9.78154685585068e-15	5.72260668285963	7.31104237498586	4.592303655172e-15	0.644857366108868	1.83639118773777	3.82874701840388e-15	0.000225051939429972	0.910425171405822	5.46000301590516e-15	2.17960129847402	2.65912665970859
6.104841752	2.49831018165682e-15	7.26021028541308e-14	5.89077392104309e-05	1.21279479596815e-14	4.28306432011193	6.70668125114588	4.58840402468331e-15	0.794800350446156	1.67997243542415	3.9496125587407e-15	0.000163162674984035	1.03612119964655	6.06951748973838e-15	2.28933615758551	2.6470309996036
6.246814816	3.02497576052646e-15	7.26021028541308e-14	5.75141687208801e-05	1.15347710977742e-14	5.12815507665119	6.78557606487888	4.58093052783572e-15	0.934529342718063	1.7514594942709	3.8566506725204e-15	0.000124326922643725	0.985106499397314	5.34743868330538e-15	2.15329364600684	2.80761141885633
6.38878788	2.55923866703989e-15	7.26021028541308e-14	4.32420775416042e-05	1.44539675054066e-14	5.20594380391621	6.65750096663676	4.45334726832337e-15	0.855189548370814	1.4359743917275	3.45974256457942e-15	9.85005041685794e-05	0.850570751519173	5.86112798164988e-15	1.96045819628705	2.81425285338042
6.530760944	2.18917429036913e-15	7.29315724066211e-14	3.18632254488395e-05	1.15701140259925e-14	6.59996412652652	6.44005928427172	4.5090013582789e-15	0.824234905755767	2.06627962230129	3.66113390695253e-15	4.45907786186247e-05	0.889148424186116	6.06096013507937e-15	1.59521836037846	3.37808101319626
6.672734008	2.55381462985725e-15	7.29315724066211e-14	2.18132094040761e-05	1.3688592920725e-14	6.50943827725496	6.39244956477571	4.597506064335e-15	0.789259953967806	1.85264439004454	3.6828933537951e-15	1.66914090302863e-05	0.879498122480229	5.70420328401066e-15	1.42799752800091	2.91508422025513
6.814707072	2.52529983009048e-15	7.29315724066211e-14	9.13033160626888e-06	1.76376582863235e-14	5.47445261709109	6.33904680498315	4.59435073663651e-15	0.744208297189266	1.66772185024664	4.06459127743839e-15	1.0333469543166e-05	0.892715122399187	5.74131459440238e-15	1.803292627342	2.697504604181
6.956680136	3.04919979658989e-15	7.26021028541308e-14	5.42757936009443e-06	1.09163070564634e-14	6.58835244292371	6.79051964825524	4.75746525040996e-15	0.736816335411567	1.56224174460861	3.89337933007577e-15	5.53908780672012e-06	0.754603420508381	6.07899213057677e-15	2.20069599797969	2.70009836666109
7.0986532	2.72881211097041e-15	7.26021028541308e-14	5.05032319955424e-06	1.71440957963033e-14	6.24198917502566	4.8393264287497	4.52889825760411e-15	0.637740851360135	2.47202385994287	3.78585835841985e-15	3.59854878464372e-06	0.835048140213702	5.77714911873775e-15	2.18219171069102	3.23403275716266
7.240626264	2.42750238946157e-15	7.26021028541308e-14	5.89586860090565e-06	1.08483475955421e-14	5.08800975623222	5.24680898016282	4.4386024514485e-15	0.498882191123193	1.90640970451592	3.64898653283609e-15	2.36017735345673e-06	0.693952119265033	5.60692399675816e-15	1.91619767421865	2.91057349810541
7.382599328	2.69472192671482e-15	7.26021028541308e-14	5.63313010671285e-06	1.99761102509287e-14	6.3006086246345	6.40082617637533	4.45745506873834e-15	0.499555680640877	1.83180616086658	3.7116791410201e-15	2.08068556245361e-06	0.816761562954017	5.73936630125794e-15	1.93704919789198	3.15229232378434
7.524572392	2.24631619641905e-15	7.26021028541308e-14	4.06939344374076e-06	1.53254767692863e-14	5.40067168123705	6.69518239880528	4.26624040257773e-15	0.648627122054162	1.86862142847742	3.68928219303584e-15	1.39315788895192e-06	0.605450423501522	6.46983183277696e-15	2.01263275069723	3.54381853853169
7.666545456	2.60577409073228e-15	7.29315724066211e-14	1.53951976806952e-06	1.3146008739148e-14	5.60576209318714	5.24472814277225	4.39318240541254e-15	0.667622108435671	1.85902238314221	3.68310504224725e-15	1.03717296272871e-06	0.64578023610742	5.99047377021128e-15	2.11310643815814	3.01422369132234
7.80851852	2.77472476935685e-15	7.29315724066211e-14	5.27334047361766e-07	1.48806646539028e-14	4.46711618321327	6.33274604589412	4.57648987684509e-15	0.525679132913351	1.99940084419028	3.75096607429207e-15	7.08192359433899e-07	0.833756881187196	5.20080166098739e-15	1.6740757917406	3.19706471160935
7.950491584	2.81825035982486e-15	7.26021028541308e-14	5.49863396415551e-07	1.44286819915209e-14	4.28210360525708	4.5318551171853	4.67806175246229e-15	0.526268820199971	2.22895090067614	3.9896628574531e-15	6.23419531842555e-07	0.893759041748549	5.83735946333673e-15	1.3110628664529	3.22712041242672
8.092464648	2.52163643382405e-15	7.29315724066211e-14	5.73081496481146e-07	1.67326761413494e-14	5.82077603357531	4.79141358571677	4.50224144457544e-15	0.477178981115445	1.85983456487009	3.85872381319077e-15	4.05023302325923e-07	0.563835630440162	6.12648181681316e-15	1.18260332861258	2.96508136758374
8.234437712	2.77416943566383e-15	7.26021028541308e-14	4.029659923017e-07	1.16449773617763e-14	4.54534606654515	5.11626125504427	4.31731987911728e-15	0.439411407825485	1.79034957880067	3.76781989165632e-15	3.303417513623e-07	0.556076517813314	5.24050694542438e-15	1.47856328329665	2.89932487938804
8.376410776	2.76958368396867e-15	7.26021028541308e-14	4.13994983719723e-07	1.12526868122978e-14	4.86807351161472	5.11477747920058	4.30788026788208e-15	0.645964527392885	1.49210757831545	3.66759297388741e-15	2.75588926768659e-07	0.590989253100632	5.9464680433818e-15	1.36177587185752	2.49592950960505
8.51838384	2.89537352718587e-15	7.26021028541308e-14	2.06670092977886e-07	9.54008837463882e-15	5.03877108136541	7.15531931137366	4.66182224228585e-15	0.584964374748109	1.67529716828199	3.93641357085728e-15	1.79954141727296e-07	0.480247490719617	5.58900771933806e-15	1.40500275102918	2.4446332965153
8.660356904	2.26135560855364e-15	7.29315724066211e-14	8.35922511911264e-08	1.29180663056554e-14	4.4776532923864	5.89421733185387	4.56151010624663e-15	0.328099524651781	1.45385977922891	3.68867853004427e-15	1.31526987346641e-07	0.416765791509326	6.24604415727864e-15	1.62725516889897	2.79726306545568
8.802329968	2.43775499925675e-15	7.29315724066211e-14	4.48903317326017e-08	1.17989275136372e-14	4.1086989503321	6.7506552430167	4.61941182717777e-15	0.331124546894836	1.25056951864627	3.80376469619959e-15	1.07911342951347e-07	0.27981859163858	6.03257664574588e-15	1.53905737801292	2.56765333037427
8.944303032	2.59332746983489e-15	7.29315724066211e-14	4.36158713586983e-08	1.66457108361014e-14	4.14516286556667	8.16938440594415	4.58434868079636e-15	0.41891273710098	1.43543823533065	3.79784157636752e-15	9.50949618614003e-08	0.390827923256603	5.99685635383865e-15	1.68182985170181	2.83123102938743
9.086276096	2.5271295367646e-15	7.29315724066211e-14	4.81217351464644e-08	1.08439439056306e-14	4.09519818808421	5.54582974225091	4.22729942311274e-15	0.368978785179321	1.42506893018752	3.76187087561935e-15	6.03224376069026e-08	0.40367800975457	5.62085752681409e-15	1.3630612322135	2.94909645501569
9.22824916	2.87132737700404e-15	7.29315724066211e-14	2.74766465184449e-08	1.02049215919017e-14	5.01677724254651	5.1673517818732	4.84555352343569e-15	0.455078324487984	1.29868438386044	3.72070218105372e-15	4.23544501548305e-08	0.449620705394114	6.12421716001251e-15	1.64409143259927	2.8072901953358
9.370222224	2.52590987958122e-15	7.26021028541308e-14	2.17544139647268e-08	1.59576457300844e-14	5.49259853835784	6.96899953317508	4.34811120142554e-15	0.393206054314536	1.20316527970326	3.60504251887928e-15	3.09598185989836e-08	0.394595918340997	5.38815436440192e-15	1.56289928579135	2.51062548851597
9.512195288	2.7078405573946e-15	7.29315724066211e-14	5.81581869011948e-09	8.89417882143928e-15	4.6751908190878	6.50941085347175	4.51066555932134e-15	0.422481681754884	1.2227371260755	3.61215612193342e-15	2.21243435985729e-08	0.335172662425393	5.87878387194901e-15	1.77970809293145	2.07663811504591
9.654168352	2.79739853257168e-15	7.26021028541308e-14	4.3319205560175e-09	1.5092858297561e-14	4.8305602313109	6.89417490144747	4.71572977836258e-15	0.351782131356186	1.12648362434465	3.7294777172008e-15	1.63788800235676e-08	0.395631706174401	5.53415743512926e-15	1.2010431568658	2.50614184186129
9.796141416	2.50815820281466e-15	7.26021028541308e-14	4.14228814655981e-09	1.91873151964856e-14	6.03765372459348	5.17583491069413	4.65520850033155e-15	0.359583344061084	1.13893258705785	3.85350336902419e-15	1.39633610083261e-08	0.495521646612652	5.81310918015175e-15	1.5978947323743	2.34195046778991
