t	POCSmin	rNBKmin	NBKmin	POCSmax	rNBKmax	NBKmax	POCSmedian	rNBKmedian	NBKmedian	POCSquant25	rNBKquant25	NBKquant25	POCSquant75	rNBKquant75	NBKquant75
0.012076092	0.0219859494572143	0.0182036517061247	0.0144320632436144	0.0240530814150095	0.0234114875654178	0.0190891103526662	0.02287953746066	0.0217571566093366	0.0177305016064917	0.022672631638882	0.0206950593002139	0.0157757145095302	0.0240490350702272	0.0232377027463573	0.0185477265196072
0.024152184	0.0191706088760054	0.0140850372334047	0.00872906776066684	0.0211774928753491	0.0182808396084048	0.0107182083804521	0.0203416559762333	0.0169076963335389	0.00981777778341734	0.0197370999293408	0.0160929270099762	0.00968076499884654	0.020856753936005	0.0180437284334405	0.0106149998677872
0.036228276	0.0144399357046242	0.0108890650325555	0.00478949195741179	0.0170845709395956	0.0141431717225143	0.00713267718290422	0.0161612744823704	0.01291244474122	0.00654348845639382	0.0155573576887535	0.0125475430101331	0.00647748699391416	0.0169802940326312	0.0139426309201819	0.00701703072031077
0.048304368	0.0127845315052007	0.00877422838116941	0.00366260307478707	0.0140995455734148	0.0117345211732692	0.00618893647951224	0.0132702062732638	0.0101751462506345	0.00506575074140462	0.0131152064902426	0.00974862132278202	0.00374982642350177	0.0133690452807897	0.0113994472117016	0.00566879997721782
0.06038046	0.0103384033742313	0.00744573817575494	0.00265000026992893	0.0128453864450721	0.0098979481923348	0.00390306686095192	0.0109126867314614	0.00858760781907176	0.00310937738647525	0.0108026214742491	0.00787143017684667	0.00274126819299053	0.0110934293167276	0.00952145425564789	0.00361578457286822
0.072456552	0.00877405723643228	0.00650456472797411	0.00191141460817155	0.0106876215727996	0.00830835160388456	0.00298423480444418	0.0091993705758493	0.00751004834390143	0.00213901168485883	0.00916878911195902	0.0067718529291441	0.00208388165533577	0.00955909370364232	0.00822996621399517	0.00285379398842789
0.084532644	0.00736960321745331	0.00585678841515763	0.00153498410582596	0.0091318276443128	0.00752361157146064	0.00235238339161306	0.00816483722112057	0.00654960773495473	0.00175983209437319	0.0081294082437803	0.00593879003624113	0.00164699794997555	0.00823332574311377	0.0072968771540968	0.00208709887056623
0.096608736	0.00614368517690102	0.00511201782708392	0.00133361887075789	0.00846803641796389	0.00677787723749455	0.00198478030964694	0.00722307914978235	0.0057689417481258	0.00147050066680842	0.00662907755078323	0.00525340723604271	0.00139601224925175	0.00745497471387152	0.00650590739958459	0.00173651903458451
0.108684828	0.00521309306734897	0.00459176289797567	0.00106012705549847	0.00724907625122405	0.00598321241426594	0.00163236272558497	0.00656918155967521	0.00510833817601019	0.00142354439712306	0.0057484453216319	0.004723144775768	0.00110670223894405	0.00661462104931604	0.0059518912632368	0.00151954348774654
0.12076092	0.00473091214589617	0.0041032753582597	0.000868612553143503	0.006559788502007	0.00522818495706012	0.00132439351106344	0.0057646224517313	0.00461579887748983	0.0010322749684705	0.00516101918543527	0.00436653826890898	0.000884337165299187	0.00603726802989972	0.00517072369303448	0.00111128965855752
0.132837012	0.00406017122138516	0.00361270904977448	0.00061890525918692	0.00578370281601354	0.00468037060291441	0.00110211074486917	0.00540092449925934	0.00433234905963893	0.000894379817884414	0.00449869452930926	0.0039990450487896	0.000700937246979726	0.00553621991947427	0.00459520269404152	0.000964658628441644
0.144913104	0.00360951133788806	0.00336761933862696	0.000471927905784171	0.00518748401948958	0.0043282945996597	0.000964085433220647	0.00501026386461935	0.00404244583989345	0.000659391073323946	0.0041159612622677	0.0036584141477908	0.000619136230698465	0.00517783718507973	0.00419407210332622	0.000704665903870915
0.156989196	0.00330560144776807	0.00310715050102054	0.000387379439826559	0.00470312176508669	0.00399131320005735	0.000860701908664537	0.00464470799466192	0.00372088432529792	0.000561330400178128	0.00396354315009626	0.00341296329997053	0.000511019345919031	0.00468708352992499	0.00382982042400485	0.000659865212827052
0.169065288	0.00294847264126256	0.0029041834344223	0.000326397383751464	0.00446157853993858	0.00370940154996599	0.000771553420531858	0.00407458985026306	0.00347514793311645	0.000509619749412521	0.0035481591059287	0.00316915293648899	0.000407787853593226	0.00421515282659367	0.00348917868945044	0.000540148064276319
0.18114138	0.00280835723529231	0.00269735863312462	0.000299951182834791	0.00418098454585603	0.00345855904351383	0.000746090265121887	0.00369670314879915	0.00321543293709567	0.000440003555010371	0.00317641540912245	0.0029443751637874	0.000340990916582784	0.00396308867659845	0.00325100027672521	0.000473096557525332
0.193217472	0.00265046775902277	0.00254487562174339	0.000204974240852642	0.00405506068082238	0.00321162268274912	0.000593099116083524	0.00347310206930632	0.00300029869616214	0.000346056195239235	0.00298931399546772	0.00279004506156785	0.000256575998489314	0.00367162450620919	0.00303790298913602	0.000365210789519376
0.205293564	0.00255542978254422	0.0023748366374056	0.000176658223385466	0.00382526874405237	0.00305095308073273	0.000454176001631619	0.00305825776910004	0.00283296738812532	0.000299113679317403	0.00279087825045126	0.00261967561112379	0.000224242531520251	0.00346606781552149	0.00283519082789968	0.000318743072385018
0.217369656	0.00224990804701521	0.00221798417760458	0.000146602406574071	0.00346863911674011	0.0028546880086767	0.00039990884054012	0.00291997001402674	0.00265804739564576	0.000211016046106358	0.00256611471631486	0.00245405639204935	0.000193573230232879	0.00310285310698885	0.00266039054733206	0.000287000067630512
0.229445748	0.00202395128571171	0.00208088528459001	0.000117994193940619	0.00324861032590412	0.00262473892161925	0.000339626840551794	0.00273210650116157	0.00244083002615518	0.000174511677181074	0.00238298402231018	0.00235118444284701	0.000152747177752762	0.00293585709646332	0.002523281657408	0.000231642145799882
0.24152184	0.001824769925143	0.00197064136620029	0.000100753141536757	0.00296039555674168	0.00248441644782837	0.000298177733980428	0.00259632034694084	0.00231057580274554	0.00014337656759494	0.00220597963660281	0.00222776920890865	0.000136948957163081	0.00266706293675789	0.00239282736147159	0.000191468331052096
0.253597932	0.00172587083731969	0.00186801403702224	8.94062208327858e-05	0.00263602280233919	0.0023364305395589	0.000241865398943802	0.00239576294275969	0.00216120824008456	0.000121996488593188	0.00200619369672989	0.00210811102050102	0.000109307853945445	0.00257562906764456	0.00225800194359704	0.000174909663049961
0.265674024	0.00163259458829652	0.00177718877903897	7.69870267427845e-05	0.00250307396176853	0.00223161911922302	0.000207927754913024	0.00228292475379987	0.00205193162052799	0.000108051193854846	0.00185823531776754	0.00198451390627098	8.80245962815167e-05	0.00240274022032093	0.00214296675574991	0.000131967813941194
0.277750116	0.00142259657890085	0.0016796919414938	5.96401147320914e-05	0.00236773144820731	0.00213565813811447	0.000162337687986924	0.00215205049906585	0.0019135296257636	7.5185242409196e-05	0.00174389400816767	0.00190387010898842	6.26290551566914e-05	0.00225679435979374	0.00204427247519596	0.00012337864269681
0.289826208	0.00135110990733213	0.00159053471017418	4.80986887211178e-05	0.0022220683052398	0.00199586533350538	0.000151706979725899	0.00204244931970651	0.00181684646754718	6.34205687733667e-05	0.0016323813851264	0.00180177997602931	5.18863567845676e-05	0.00208819224493612	0.00192018759456248	0.000110516254881361
0.3019023	0.00127289216329584	0.00151165284832709	3.65842468890846e-05	0.00207573829607688	0.0018886715508786	0.000121967180773865	0.00189431088279589	0.00173856029514407	5.93054192493373e-05	0.00150416398528368	0.00172873990353049	4.39589516759227e-05	0.00196911034386929	0.00184013284394151	8.94989773132545e-05
0.313978392	0.00120699192639005	0.00145963668842985	3.02059691147371e-05	0.00190579901785389	0.00181118252041355	0.000108515068578674	0.0017837229915904	0.00166727679961265	4.54603999189024e-05	0.00137084325284187	0.00165869209456719	3.5784778395283e-05	0.00184037860063713	0.00173226667836597	7.81916238643591e-05
0.326054484	0.00111566064631263	0.00140370944309948	2.64750725739306e-05	0.00180953937802718	0.0017249427530334	8.40728881018463e-05	0.0016765131284232	0.00158221914185761	4.0162124445642e-05	0.00130168663371038	0.00157631083609293	3.44021298492112e-05	0.00173747879870859	0.00166183431512303	6.95727789874423e-05
0.338130576	0.00106313776512606	0.00135298999026838	2.13163607658896e-05	0.0017374207053356	0.00166841373816137	7.44558003064072e-05	0.00156052620227875	0.00151008243258177	3.31640585656345e-05	0.00121762516822274	0.00149780832353727	2.65157479926999e-05	0.00167233655989797	0.00159173784837944	5.96129949588181e-05
0.350206668	0.00102041525235059	0.00130188133712412	1.82078534436317e-05	0.00168508793619795	0.00159583888214653	6.46776962737417e-05	0.00145816073205658	0.00143030799367471	2.88258330557452e-05	0.00115067471972765	0.00142334534331286	2.19590971947133e-05	0.0015990113858274	0.00152810067255432	5.71035873207781e-05
0.36228276	0.000975279798587151	0.00126502786700776	1.49992677574046e-05	0.00154535838182987	0.00152955651784595	5.20565509216339e-05	0.0014319474778241	0.00137465608264418	2.38765190391713e-05	0.00108145866147538	0.00134127800236856	1.91297716474175e-05	0.00144327944956082	0.00147072907078595	5.11582791764681e-05
0.374358852	0.000946112000096898	0.00121819656650229	1.11308325887169e-05	0.00147873701389803	0.00144923141771869	4.61202189328107e-05	0.00136550787914831	0.00129912649947544	2.11048295286881e-05	0.00100123920939555	0.00127461557608001	1.63010221403015e-05	0.00138065070440908	0.0014052006804466	4.49646747990813e-05
0.386434944	0.000889982219325974	0.00117038495294465	8.19894412113981e-06	0.00142025955882784	0.00139607805088989	3.86433111873442e-05	0.00130797239069421	0.001244332088692	1.93488837392557e-05	0.000948442678908781	0.0012180488403479	1.32725664037784e-05	0.00131561362704278	0.00136293704060151	3.56951534972331e-05
0.398511036	0.000847296785569182	0.0011357273706952	7.64620818731856e-06	0.00136814035122297	0.00133605067014415	3.48483104584602e-05	0.00120845962603293	0.00119910634465843	1.43645140489869e-05	0.00088881573422153	0.0011567657093106	1.10814213458412e-05	0.00124076909863443	0.00129304640998021	3.36707477034894e-05
0.410587128	0.000823505828765098	0.00109265737373199	6.42343891210435e-06	0.00128057857908554	0.00126551480738085	3.09113596431991e-05	0.00114749270038482	0.0011468741752953	1.12440963153477e-05	0.00084507988389617	0.00110850999684176	1.02244602760383e-05	0.00115366812710629	0.00123362045229521	2.62750089005015e-05
0.42266322	0.000765672541076558	0.00104642371232189	5.01402727506058e-06	0.00117047517281865	0.00122337753223456	2.45903274601263e-05	0.00110635215287054	0.00110753005940536	9.51147594119633e-06	0.000816319253752032	0.00106637741966805	9.23935148086473e-06	0.00111237746895658	0.00119374714374357	2.43599225573289e-05
0.434739312	0.000715240380900772	0.00101056285564276	4.33421899757736e-06	0.00111797974834204	0.00115830745066143	2.12508152309594e-05	0.00103317199934612	0.0010580119929536	7.99864129538906e-06	0.000778447415648841	0.0010196389321885	7.0509986943854e-06	0.0010611569844735	0.00115101006769054	2.04353880001474e-05
0.446815404	0.000671218088068689	0.000963597158347396	3.5262196071945e-06	0.00107260560272661	0.00111714944857462	1.86110198753285e-05	0.000987971061551623	0.00102087493472769	6.73252907386728e-06	0.000680143359972927	0.000965557541253702	6.08875622431116e-06	0.00101426483746489	0.00110531561232872	1.82399973202495e-05
0.458891496	0.000634148133341925	0.000916990092922864	3.00307990016521e-06	0.00100150947692634	0.00108492258997941	1.65679486222566e-05	0.000935430989432594	0.00098743827099408	5.27254927303735e-06	0.000643734074415347	0.00092581091442599	5.10298603833792e-06	0.000948622892762756	0.00106601353832585	1.48475260714309e-05
0.470967588	0.000591174691970295	0.000880644304501428	2.50580181673169e-06	0.000946748529785035	0.00105360783739563	1.32094969065554e-05	0.000888746395242357	0.000948052781650092	4.61132809059426e-06	0.000597522942030563	0.000898627325682111	4.35915490662421e-06	0.00089912580066383	0.00102358395077779	1.2143925827187e-05
0.48304368	0.000542624501949227	0.000858073788832549	1.98470884105102e-06	0.000879054728574553	0.00101268629179592	1.25666045024519e-05	0.000835429376832376	0.000916880535132794	3.74283841844209e-06	0.000568145837508296	0.000860457067488999	3.58255287603632e-06	0.00085095017151541	0.000999489738313095	1.09976355655069e-05
0.495119772	0.000522467512812411	0.000812289324917253	1.73978821718244e-06	0.000846928148660458	0.000991670505724674	1.12464337670023e-05	0.000805706093714261	0.00087904027958865	3.22745247055905e-06	0.00053967442453718	0.0008248432405165	3.0296678137076e-06	0.000831725530151692	0.000968395572929067	9.48726076467014e-06
0.507195864	0.000495934386196343	0.000780575104063492	1.5691340341091e-06	0.000822151459337964	0.0009651863914883	9.72990966961687e-06	0.000778220152216219	0.000856542804690716	2.79802617608325e-06	0.000512905579659671	0.000798650736936978	2.63542045281283e-06	0.000789749214922913	0.000943643810235855	7.33336349665277e-06
0.519271956	0.000462503707033673	0.000748453035575354	1.28820681653131e-06	0.000757106343945053	0.000939483778899624	9.1771859232645e-06	0.000744773730689408	0.000835049636746797	2.42795875505996e-06	0.000490897339261654	0.000767753466412211	2.2063832279213e-06	0.000749586271573438	0.00090607804816704	6.03315939641173e-06
0.531348048	0.00043979143505619	0.000721545394470723	1.14167269271195e-06	0.000733937013903398	0.000901337920887338	7.49501771245714e-06	0.000700435081683453	0.000803309822834198	2.15005637010851e-06	0.00047500066612036	0.000745196981656195	1.93812968225653e-06	0.000726652463531706	0.000880971617186505	5.48814601964993e-06
0.54342414	0.00041558078353192	0.000691924690232003	9.70316811014479e-07	0.000707804321082755	0.000869141294013791	6.76935117507915e-06	0.000690549910814524	0.000781183356244537	1.76634848292294e-06	0.000453701309756653	0.000713717549584378	1.54602861418009e-06	0.000703062410532722	0.000850072940623907	4.47141302040173e-06
0.555500232	0.000386551627435634	0.000670673591078556	7.83169512162206e-07	0.000677256428598192	0.00082751622369999	5.72152346142558e-06	0.000658303552818317	0.000750804636999063	1.5750581149147e-06	0.000414240654374338	0.000682489667729384	1.36507023997555e-06	0.00067082280240642	0.000822371392492597	3.82675568057675e-06
0.567576324	0.000368212428407245	0.000644553444827755	6.37739683668714e-07	0.000649754978642671	0.000799283353727162	4.9092618022864e-06	0.000621538457625111	0.000731368698487776	1.40033101722309e-06	0.000392924035678549	0.000654042528495468	1.12625711510798e-06	0.000647822132940737	0.000789721405086096	3.06411146419825e-06
0.579652416	0.00035599246336144	0.000619749001095975	4.82725266383503e-07	0.000620283212632271	0.000775332703888566	4.16514653362272e-06	0.000577173013161504	0.000707310432510359	1.16851390293373e-06	0.000378141650201261	0.000629813857329883	9.35209137148323e-07	0.000607543819142205	0.000767483208164384	2.66102063628115e-06
0.591728508	0.000333754653035547	0.00059331944290246	3.97864252772263e-07	0.000590075525298691	0.000751329606385359	3.61567221680108e-06	0.000554501104984165	0.00068571269952484	9.22671185497268e-07	0.000353363714904038	0.000612403911148998	7.8577266116877e-07	0.000561684552198805	0.000739630568988072	2.45822483291516e-06
0.6038046	0.000311977884943892	0.000578097230816492	3.34879548807262e-07	0.000572225355848876	0.000729279787723288	2.97461855623733e-06	0.000523598035984445	0.000669538480997648	8.77574371152601e-07	0.000330888368571122	0.000591544884649195	6.60643087986802e-07	0.000540555414327679	0.000716101825834275	2.27346064627014e-06
0.615880692	0.000292907329838558	0.000553762110137771	2.6237312802639e-07	0.000558887419296936	0.000711128034546574	2.63699791463621e-06	0.000506023134394391	0.000646954570188245	7.50691930863156e-07	0.000308884265176883	0.000578255705265072	5.86348216771676e-07	0.000513947360424255	0.000691144610467304	1.96179301138766e-06
0.627956784	0.000282536462633081	0.000529381326589967	2.03791985424983e-07	0.000528398226399543	0.000678886376681999	2.0779121552682e-06	0.000490318167615468	0.000624530798841352	6.9555309622388e-07	0.000289449965381712	0.000562254343856416	4.40668783288923e-07	0.000493573574343511	0.000667133373174711	1.66648548834115e-06
0.640032876	0.000269022632303123	0.000510534227007511	1.64485757118581e-07	0.000510875984027802	0.000654856135850575	1.87134457551083e-06	0.000466942702846037	0.000603128547939472	5.40444531656754e-07	0.000273197082349752	0.000544262747479353	3.79851844051205e-07	0.000481726882091424	0.000640655051544744	1.43956356736461e-06
0.652108968	0.00025232016235746	0.000496006924990898	1.42819038031253e-07	0.000487407544490074	0.000636878565903451	1.711179836311e-06	0.000438043896173435	0.000586762941276934	4.78460369840538e-07	0.000263957615037742	0.000526450638052901	3.03115553151264e-07	0.000463070698073044	0.000623315996240416	1.3072700673734e-06
0.66418506	0.000242921052941439	0.000482303591462163	1.26285457966602e-07	0.000462577163513683	0.000621002183569693	1.44121665797055e-06	0.000413692454355135	0.000568333099141573	3.98885290132863e-07	0.000245874075658831	0.000512195957911292	2.69020926056766e-07	0.000442123872711746	0.00060812144230096	1.16281201646896e-06
0.676261152	0.000228869369054309	0.000466588645160428	1.13520575406528e-07	0.000452554086074735	0.000604961582833647	1.2527133994826e-06	0.000394282227172025	0.000555487859750694	3.59089558752796e-07	0.000236576760475772	0.000493753005604451	2.09430410451387e-07	0.000428756651330152	0.00058246697597317	1.03061515327717e-06
0.688337244	0.000222177159151696	0.000453348005904246	8.94500431647529e-08	0.000436416675277647	0.000591269050317069	1.03371182207654e-06	0.000377051046765041	0.000536682241920711	2.93899212881036e-07	0.000222863852488788	0.000478535424202966	1.78296883044673e-07	0.000409035653145024	0.000561666750171217	8.88335628685041e-07
0.700413336	0.000211197299386717	0.000442570721723669	7.62590710868973e-08	0.000419058180400626	0.0005787617024107	8.57825061527569e-07	0.00036305979503367	0.000516390359859611	2.46678922261688e-07	0.000214192716502288	0.000463215822641494	1.45724908555499e-07	0.000393582348612581	0.000543098965733016	7.17077488057838e-07
0.712489428	0.000197921037173609	0.00042097424306721	5.89740905155084e-08	0.000405026443312219	0.000567602450226472	7.91731046086961e-07	0.000343456587075239	0.000503021900677726	2.26328129029357e-07	0.000201823589538565	0.000444353424550052	1.3175210778672e-07	0.000365309653038697	0.000529131764356596	5.665806606237e-07
0.72456552	0.000191681015172692	0.000408393584077596	5.1575902995651e-08	0.000397430457120656	0.000550984665266999	6.2744841648657e-07	0.000328223545121006	0.000490382713011358	1.76322320018219e-07	0.000192962983609033	0.000432065684609427	1.13596678589691e-07	0.000356092979004956	0.000515651997537531	4.63482239183587e-07
0.736641612	0.000181046031046381	0.000392989526168188	4.39708555716164e-08	0.000384157096913237	0.000537245783329616	5.6923333183042e-07	0.000316591395610812	0.000471482487075468	1.50737476888936e-07	0.000185846960148002	0.000420726154374851	8.90644240578829e-08	0.00034256980374633	0.000500032081118752	4.26629999701774e-07
0.748717704	0.00017235246455854	0.000380877526611024	3.76497446519267e-08	0.000364063230022796	0.000519465826117444	4.98718577381445e-07	0.000308962452673173	0.000460548716639135	1.33373819442728e-07	0.000178550759366139	0.000406064416596219	7.77841907194934e-08	0.0003284760971994	0.000482736143748579	3.51324135408287e-07
0.760793796	0.000162979281433197	0.000363721920443579	2.96154919974051e-08	0.000352953034883331	0.000503605801649091	4.29534711944337e-07	0.000282368294041414	0.000443539315371999	1.1497156356491e-07	0.000170874895439162	0.000389105676203898	6.30453711314295e-08	0.000315482542608289	0.000470545738014125	3.15802223590681e-07
0.772869888	0.000154786304504868	0.000354379787967276	2.51693808612084e-08	0.000335747863970865	0.00048686920101591	3.85458577715887e-07	0.000271694782948913	0.000435054483784276	8.84284472201806e-08	0.000165412612485187	0.000378730895701356	5.24456315888687e-08	0.000308415687658109	0.000459809400330974	2.74308196811973e-07
0.78494598	0.000147183346050387	0.000339552090725412	2.09622406872555e-08	0.000325856839445694	0.000473914168883805	3.25025698810554e-07	0.000253168651291899	0.000421423057601886	8.37315981747614e-08	0.000153061614870942	0.000368065848266715	4.22274683390229e-08	0.000296363765455273	0.000443635818245361	2.25788909371524e-07
0.797022072	0.000142305463039147	0.000328502202125843	1.88681298187744e-08	0.000306036326502822	0.000464958509357229	3.1757005556248e-07	0.000245031634547263	0.000413704018519349	7.42903795493789e-08	0.000146623781649951	0.00035501574432236	3.46152455830426e-08	0.000290485060242195	0.00043131534160426	1.94978879614348e-07
0.809098164	0.000129499717541808	0.000316796401135382	1.35783120721363e-08	0.000300526319736349	0.000455185944334171	2.57375504454772e-07	0.000233856010068789	0.000401346269268587	6.0642809496517e-08	0.000135424893298272	0.000344683205863002	3.12312956199551e-08	0.000281553293899732	0.0004149779393007	1.79871339948523e-07
0.821174256	0.000125992771656935	0.000307441407874609	1.08615563455564e-08	0.00028784077295871	0.000445176368536125	2.23048376963926e-07	0.000221866595939121	0.000393462443259041	5.53543944187959e-08	0.000128258829339801	0.000330407876384291	2.6742314909583e-08	0.000255791626115623	0.000402642548929578	1.57785636389767e-07
0.833250348	0.000120426283399868	0.0002965998993224	8.5149006675553e-09	0.000278691746288678	0.000434515673107783	1.93733746358701e-07	0.000212608826520088	0.000382488836990081	4.65072246811731e-08	0.000122057588111058	0.000319242507645279	2.24074259755384e-08	0.000247055467830198	0.000386039018270563	1.31311752849612e-07
0.84532644	0.000112634610066139	0.000286086486319761	7.92102625701436e-09	0.000270025808488438	0.000420323319540849	1.74056472245501e-07	0.000204439722205792	0.000372498610284499	4.43977590372875e-08	0.000115618769390984	0.000312373104475439	2.05167700048372e-08	0.000235639159418725	0.000373348548078181	1.18963650547738e-07
0.857402532	0.00010777541338165	0.000274733258143233	6.68728089114592e-09	0.000258516468707076	0.000409597275582336	1.45732334728263e-07	0.000193894455823705	0.000363216767433186	4.24181770213277e-08	0.000111387614995956	0.000303349666837519	1.66239129782641e-08	0.000229857512224957	0.000363666534725811	1.00037439812144e-07
0.869478624	0.000102043887762407	0.000266412345995708	5.99121999514502e-09	0.000247517295891655	0.000394442602416336	1.24213165164485e-07	0.000181155139266341	0.000350716148168218	3.2418095559184e-08	0.000105987803912496	0.000294466113921558	1.2676207594659e-08	0.000212750047494228	0.000357712345780281	8.64453011756815e-08
0.881554716	9.7408921045181e-05	0.000258194116915185	4.91915251621199e-09	0.000240837530260468	0.000386389582198868	1.04075071657954e-07	0.000174809668532013	0.000344880298024652	2.66690461880668e-08	0.000102976332664331	0.000285949591630142	1.12127856625559e-08	0.000206680430524952	0.000345582272251405	7.61777343293218e-08
0.893630808	9.47594892889671e-05	0.000250224727481268	4.26519717100035e-09	0.000231498134829439	0.000371673708239932	9.019967871286e-08	0.000167697036519042	0.000332258894796712	2.47554268076384e-08	9.87358392721327e-05	0.00027630006069752	9.67856511972679e-09	0.000195174254408592	0.000335908210728544	6.69038317721207e-08
0.9057069	8.91821308517754e-05	0.000244805401974703	3.99558602561816e-09	0.000227464874992719	0.000357002131216717	7.48211693469528e-08	0.000162288754878829	0.000321187886581331	2.03110672036579e-08	9.09959417222608e-05	0.000266761195500865	9.27343555765329e-09	0.000190908068456845	0.000328469845203912	5.79167152613681e-08
0.917782992	8.44918991075059e-05	0.000236866829968882	3.47166916044871e-09	0.000214705018718326	0.000344693023428493	7.00550930090278e-08	0.000159365883577235	0.000313620512140183	1.83744505701394e-08	8.82292184381225e-05	0.000255553298842822	8.01677236230066e-09	0.000181896145871132	0.000316961971113557	4.93008501947049e-08
0.929859084	7.99901863633237e-05	0.000229768321035926	3.15689421259601e-09	0.000208689745985066	0.000334589658589289	5.5023369344851e-08	0.000145152219081663	0.000304196639802297	1.48435953945836e-08	8.4409705005461e-05	0.000247455129054596	7.01881159287933e-09	0.000173411566261688	0.000308146834240131	3.75509699380874e-08
0.941935176	7.7687453835076e-05	0.00022225579380904	2.56448343586213e-09	0.000197862309626199	0.000323447688277051	4.52598268725553e-08	0.000140690958787942	0.000295002937939632	1.36508255729491e-08	7.83193876867515e-05	0.000240503365921423	5.78828647737282e-09	0.000167036069578157	0.000300575451046481	3.59068454363555e-08
0.954011268	7.35418021180681e-05	0.000215548534940329	2.23401745604128e-09	0.000195130432544383	0.000312792832551045	4.1160151305552e-08	0.00013159347321114	0.000287422483026629	1.23848221916618e-08	7.53388337025181e-05	0.000234046758285851	4.76702861028552e-09	0.000159229279739384	0.000291768972270483	2.97746100309674e-08
0.96608736	6.95572176634417e-05	0.000208280676509541	1.96389509963023e-09	0.000185916211432821	0.000306694169431902	3.28597145163934e-08	0.000123878162668659	0.000280657669366445	1.10434615373489e-08	7.32838680163743e-05	0.000229009858482757	4.19609202630526e-09	0.000152891627798113	0.000282619263904382	2.46266976979662e-08
0.978163452	6.82470122496814e-05	0.00020355113402429	1.68638803343793e-09	0.000178683518805927	0.000297979075653663	2.91093984408028e-08	0.000119108636773165	0.000272621549367653	8.82838965904195e-09	7.06872555858963e-05	0.000221393978501835	3.64896632246632e-09	0.000146148642091315	0.000273976107397969	2.0535317508376e-08
0.990239544	6.63556802449248e-05	0.000198044593498207	1.40556606904811e-09	0.000175260939240741	0.000289305420940613	2.78303054998958e-08	0.000114687109287862	0.000265622040970248	8.05317330897559e-09	6.73281309211655e-05	0.000216622792685934	3.13704495363711e-09	0.000142891437054751	0.000266112787422242	1.76959438067427e-08
1.002315636	6.20919848366792e-05	0.000190511377335377	1.32108850515379e-09	0.000169935781473448	0.000281680849068517	2.4880811767392e-08	0.000110514912007019	0.00025614937437375	6.09231966578426e-09	6.3695251820292e-05	0.00020891559322513	2.8886267675207e-09	0.000135809839467651	0.000263475958142693	1.5040769873223e-08
1.014391728	5.85287054448737e-05	0.000185339997203439	1.20852943694293e-09	0.000163888615338629	0.000273512494732861	2.12450364089758e-08	0.000104989688194095	0.000252916257582794	5.87303764795396e-09	5.98957266629841e-05	0.000201703998424577	2.31214416841437e-09	0.000130301618365565	0.000255923448210218	1.15187068212001e-08
1.02646782	5.51042442556912e-05	0.000180822779752315	1.14888963282835e-09	0.000157039666651474	0.000269617311183547	1.66668502410586e-08	9.89418193067341e-05	0.00024425659831465	4.67922278104876e-09	5.69536568695208e-05	0.000197111460386378	1.96532065254883e-09	0.000125682711067335	0.000251230296057595	1.04691275756659e-08
1.038543912	5.40216988856192e-05	0.000175917274922677	1.12819999709477e-09	0.000152726054906346	0.000261565450686202	1.70629447870272e-08	9.44909850841206e-05	0.000238984468660983	4.29787095047449e-09	5.47620301992776e-05	0.000188652083065094	1.67967321536992e-09	0.000120065247727586	0.000244132869235296	8.29807096785863e-09
1.050620004	5.23176484476678e-05	0.0001699365651768	1.07399535248454e-09	0.000147445711841822	0.000256024626492374	1.32184891524059e-08	9.13972859589512e-05	0.000232678170554346	3.56201202683486e-09	5.24248275620318e-05	0.000182193497838912	1.45582292853495e-09	0.000117411799797459	0.000236971843372589	6.91420394512919e-09
1.062696096	4.98365052763206e-05	0.000165364332501362	1.02447426810498e-09	0.000140302875491066	0.000248843446124488	1.11971592824688e-08	8.81324167480609e-05	0.000227259230339768	3.38311926998443e-09	5.08449549906039e-05	0.00017733276315027	1.27390893544023e-09	0.000112164279297513	0.000230689895391743	6.52997684287241e-09
1.074772188	4.7212510829693e-05	0.00016014796836252	1.00548294163339e-09	0.000137513487265201	0.000242701742387708	9.60000087544669e-09	8.57600258600762e-05	0.000221191232666487	2.9366924381797e-09	4.79577718524656e-05	0.000172569949230149	1.24205278587535e-09	0.00011095106643474	0.000223512625018608	5.48596882667336e-09
1.08684828	4.543527833439e-05	0.000156624263198051	1.01213629147314e-09	0.00012907838904267	0.000236258474770889	8.56907135560775e-09	8.00724169413086e-05	0.000214668830989802	2.68878655800051e-09	4.62798079463955e-05	0.000168755395122015	1.13874520748208e-09	0.000109173992081501	0.000215132199937555	5.11481382674311e-09
1.098924372	4.4280432007806e-05	0.000151986409833668	1.01359023717295e-09	0.000123010425865028	0.000230146732637045	7.57283758972994e-09	7.81048042152171e-05	0.000208385796188778	2.29545669142709e-09	4.51865272561409e-05	0.000163405569728596	1.13162790741144e-09	0.000101041261586991	0.000209152042926918	4.16676767255542e-09
1.111000464	4.29224724046328e-05	0.000147172036733405	1.0142426712215e-09	0.000120725343208146	0.000225105902701338	6.28853495181813e-09	7.52303853977935e-05	0.000202779929138712	2.12773238226895e-09	4.37847164156297e-05	0.000159298440401918	1.05904953731996e-09	9.73368869993722e-05	0.000203828624899834	3.47374783025372e-09
1.123076556	4.14181619106512e-05	0.000142463761565916	9.91487886931749e-10	0.000113216477534352	0.000219880489257193	5.68022481336554e-09	7.05727514143461e-05	0.000196686547637622	1.85783613196367e-09	4.18565582957578e-05	0.000154066473989538	1.0395347620124e-09	9.15772085637861e-05	0.000200109017763009	3.23105794540303e-09
1.135152648	3.91664147381065e-05	0.000140025203149427	9.87443119987133e-10	0.000111972140932323	0.000215253720775858	4.42562842537724e-09	6.76094895592673e-05	0.000191062602935377	1.69057541187205e-09	4.01350501211198e-05	0.000149467158216473	1.02464765883895e-09	8.80095237499486e-05	0.000194666265831455	2.98817236255476e-09
1.14722874	3.78762161394973e-05	0.000135198182615365	9.86761248652509e-10	0.000104991532606993	0.000209879644068888	3.68547692338377e-09	6.37239054753288e-05	0.000184458260049258	1.52962210017221e-09	3.83027875430282e-05	0.000144726005754698	1.01007836686691e-09	8.33741449638137e-05	0.000190692241995651	2.44820763848565e-09
1.159304832	3.53222973619055e-05	0.000131348533324343	9.8634561866338e-10	0.000101089323470206	0.000202210869024593	3.36660195758332e-09	6.18899315434147e-05	0.000179459765789885	1.40631653892947e-09	3.67470278666473e-05	0.000141198605582704	1.0094496967133e-09	8.1049629718867e-05	0.000185336221694746	2.10316680264973e-09
1.171380924	3.49556596038352e-05	0.000127533681772131	9.85934358466658e-10	9.44683958959645e-05	0.000197020460890318	2.66562141504728e-09	5.99028240298141e-05	0.0001739195206408	1.35832416565507e-09	3.58137522036181e-05	0.000137037198340677	1.00900282646617e-09	7.9385402632746e-05	0.000182372066567327	1.84251381814725e-09
1.183457016	3.19281192209332e-05	0.000123529272693145	9.85470784787065e-10	9.11115346666247e-05	0.000193781399263884	2.44502983549059e-09	5.72502116202762e-05	0.000170489552388619	1.13591873848508e-09	3.35105964050554e-05	0.000132586361051428	1.00830237219984e-09	7.7914272022047e-05	0.000178475075294861	1.56901485583221e-09
1.195533108	3.0158305783425e-05	0.000120027682881929	9.85024440201098e-10	8.69391032085584e-05	0.000188770523672408	1.96616091173072e-09	5.31719164541414e-05	0.000166126769718845	1.12594387027779e-09	3.26404334436872e-05	0.000129989294468108	1.00773642861197e-09	7.49360133677052e-05	0.000174208443426893	1.54403015908726e-09
1.2076092	2.86013057835263e-05	0.000116975169553796	9.84465889282055e-10	8.58066626148211e-05	0.000184027134392156	1.91176678795466e-09	5.10321478768205e-05	0.000160687647735106	1.09540047046263e-09	3.09583234408344e-05	0.000125644220468528	1.00706768577981e-09	7.32480558843531e-05	0.000170138388194618	1.41583130217959e-09
1.219685292	2.70359989453049e-05	0.000114135750085618	9.84015778550242e-10	8.17704210762438e-05	0.000181509072053802	1.78411577078567e-09	4.81340783420505e-05	0.00015596132871977	1.08419628223745e-09	2.93891208805262e-05	0.000121168609371334	1.00643238397414e-09	6.9869691185975e-05	0.000167171794974335	1.30965651563419e-09
1.231761384	2.54924082227822e-05	0.00011126539186308	9.83443413070332e-10	7.8004773100313e-05	0.000177930435724146	1.65004736086592e-09	4.61936744132578e-05	0.000152429600430715	1.07359746141115e-09	2.74849104616554e-05	0.000117443237124018	1.00595324319465e-09	6.64999248490557e-05	0.000164387449802416	1.19386989199862e-09
1.243837476	2.46907256290337e-05	0.000107534631277283	9.82998044468997e-10	7.59536856401663e-05	0.000173269427009741	1.44596667626089e-09	4.38092978443594e-05	0.00014866522578769	1.05025459423045e-09	2.6000598011387e-05	0.000113925886656893	1.00538796477735e-09	6.26995516277337e-05	0.000158514416793676	1.18020006298367e-09
1.255913568	2.3217102067953e-05	0.000105017022520124	9.82387357266353e-10	7.39426672059727e-05	0.000168910742370049	1.28233649398003e-09	4.25707570907432e-05	0.000145234129105085	1.04975381981255e-09	2.50184039606538e-05	0.00011220318487162	1.00496834394053e-09	6.13033005701138e-05	0.000156210435246899	1.13499663848195e-09
1.26798966	2.2009685762522e-05	0.000103214131884725	9.81896051240254e-10	6.92609481438093e-05	0.000166414022907148	1.2365052767909e-09	4.09548162001608e-05	0.000141330966608189	1.04923567520106e-09	2.35036428352599e-05	0.000108822417895717	1.00432544557844e-09	5.99075546316818e-05	0.000152301157633411	1.15059963435593e-09
1.280065752	2.09869972921099e-05	0.000100059841560035	9.81275635701054e-10	6.61082484369467e-05	0.000162920778371503	1.15900997304949e-09	3.94666754626425e-05	0.0001396848128347	1.04868811424292e-09	2.24620711701747e-05	0.000105369774543227	1.00373752251344e-09	5.69820613922715e-05	0.000149934295642888	1.06322712928993e-09
1.292141844	2.01160336416004e-05	9.76877750428073e-05	9.80807700169762e-10	6.31764829412227e-05	0.000159767287883154	1.11036558768134e-09	3.78377397488578e-05	0.000137390133075573	1.0480711453841e-09	2.1870517697031e-05	0.000103039885968374	1.00325469544063e-09	5.57540994139221e-05	0.000145912677040893	1.05840438686396e-09
1.304217936	1.8932044398119e-05	9.6048060597468e-05	9.80136703055301e-10	6.11487321516935e-05	0.00015658049578891	1.10625671958727e-09	3.66675056415398e-05	0.000133702381500386	1.03773285096095e-09	2.1014381119856e-05	0.000100386569830021	1.00265308648625e-09	5.25544212963815e-05	0.000143463718111874	1.04749199906052e-09
1.316294028	1.82744024027976e-05	9.34304583793178e-05	9.79674058535599e-10	5.79058792965357e-05	0.000153449025093243	1.07561516357678e-09	3.59945168573375e-05	0.000130159345169299	1.01937011261151e-09	2.02562382638582e-05	9.7571932975821e-05	1.00223861990115e-09	5.13713911607298e-05	0.000138202971593534	1.04684766077434e-09
1.32837012	1.70208847680178e-05	9.06662574304142e-05	9.79106596200316e-10	5.50867777442663e-05	0.000150242795002064	1.04624029331073e-09	3.46848191205723e-05	0.000125648297207692	1.00942734282067e-09	1.92739701644901e-05	9.46493592444698e-05	1.00163373378958e-09	4.92387596794685e-05	0.000133656291085878	1.02566930805057e-09
1.340446212	1.61534733042958e-05	8.82480990152594e-05	9.78485540781619e-10	5.3232858600224e-05	0.000146785250543202	1.0457930932621e-09	3.34338507937713e-05	0.000122221919342662	1.01461422132299e-09	1.86368247087883e-05	9.22797446132127e-05	1.00101440292039e-09	4.77394756899589e-05	0.000130383833702175	1.01542477745644e-09
1.352522304	1.56634921383263e-05	8.61908885017026e-05	9.78032633980182e-10	5.25851385145284e-05	0.000143098125672964	1.04529747247327e-09	3.24040301669302e-05	0.000118374400176908	1.00042353512865e-09	1.81359525517442e-05	8.98586860034744e-05	9.95815574723793e-10	4.54792731235459e-05	0.000128552281958391	1.0141574844285e-09
1.364598396	1.48426342092705e-05	8.36992734641114e-05	9.77447522460231e-10	4.87423214090356e-05	0.000138935660127471	1.04464360832729e-09	3.05289158658194e-05	0.000114365769351396	9.99799197559974e-10	1.71915776603143e-05	8.75070176127657e-05	9.83314430648362e-10	4.32331442951006e-05	0.000125027090636409	1.01369570580163e-09
1.376674488	1.41854555671803e-05	8.0865240907729e-05	9.7681315254894e-10	4.69079157937847e-05	0.000136176047538723	1.04418725834225e-09	2.95413597192902e-05	0.000111826085254026	9.99335557831626e-10	1.68838957967046e-05	8.45454019008487e-05	9.82880277422224e-10	4.14666113793082e-05	0.000121585251371589	1.01335805719227e-09
1.38875058	1.39221631477928e-05	7.89424432594023e-05	9.76268982836773e-10	4.53187299418779e-05	0.000134455900518517	1.04377367742062e-09	2.88766521797148e-05	0.000108370403886167	9.98727428662581e-10	1.62977211669131e-05	8.24509268699496e-05	9.8236108178735e-10	3.99650977866993e-05	0.000118451412936968	1.01289619447825e-09
1.400826672	1.31535212511309e-05	7.74224218186394e-05	9.75859788861335e-10	4.43380029829704e-05	0.000131182270087485	1.04327970259894e-09	2.76220819463609e-05	0.000105952888580581	9.98307852317801e-10	1.54648877312388e-05	7.97684559398103e-05	9.82071398780771e-10	3.92368683692704e-05	0.000115510225110289	1.01245119510218e-09
1.412902764	1.24630710961037e-05	7.56675838778112e-05	9.75384364874521e-10	4.15025781867904e-05	0.000129131195535872	1.04283580232369e-09	2.67474942324413e-05	0.000103761315059685	9.97809199342536e-10	1.46937860667528e-05	7.71991535417924e-05	9.81743661295095e-10	3.73405976803454e-05	0.000112680586004142	1.01215925692068e-09
1.424978856	1.19191157131483e-05	7.42723797049459e-05	9.74901650486411e-10	4.03221349936911e-05	0.00012729773351879	1.04237427382927e-09	2.51222686329727e-05	0.000100718963902762	9.97327258854508e-10	1.39659674928977e-05	7.54526227622509e-05	9.81295909078998e-10	3.59682680830815e-05	0.000111045475371593	1.0116087315846e-09
1.437054948	1.15172342260953e-05	7.29804393365359e-05	9.74351575822953e-10	3.85226990644682e-05	0.000124215573851392	1.04171888110899e-09	2.36575213520914e-05	9.74932730200279e-05	9.96940622564202e-10	1.34585253077137e-05	7.33707603125685e-05	9.80968407325085e-10	3.49776213104045e-05	0.000108525619527659	1.01116540717794e-09
1.44913104	1.08060890408903e-05	7.08683564747754e-05	9.73889479358213e-10	3.7205964553898e-05	0.000121338934814737	1.04132949104398e-09	2.30007322400755e-05	9.52222259084741e-05	9.96430967742406e-10	1.32629246601562e-05	7.20526446229212e-05	9.80505159862598e-10	3.29082166830943e-05	0.000107531649230646	1.01070634209066e-09
1.461207132	1.04916786766123e-05	6.90625176570408e-05	9.73475912179258e-10	3.47109823991284e-05	0.000119378155027841	1.04084416098553e-09	2.15017975715341e-05	9.32531802930165e-05	9.96007270458711e-10	1.29189299319239e-05	7.02390820271058e-05	9.80015858609559e-10	3.12090356248438e-05	0.000105491173409204	1.01026758163298e-09
1.473283224	1.01453519395277e-05	6.69721829385855e-05	9.73009513061476e-10	3.40689741247038e-05	0.000116015039955406	1.04033046519237e-09	2.05189455535867e-05	9.04841829129281e-05	9.95370642859817e-10	1.23522335645052e-05	6.86274402147971e-05	9.79558771077575e-10	2.99479383058346e-05	0.000103050511756847	1.00973682320398e-09
1.485359316	9.75986921488797e-06	6.55711729848124e-05	9.72565398607982e-10	3.33309372184695e-05	0.00011452843135661	1.03985919319389e-09	1.98213920712556e-05	8.83210308200095e-05	9.94819693719473e-10	1.17575716893731e-05	6.63589490454276e-05	9.79132418661545e-10	2.86151828400975e-05	0.000100081593273273	1.00912813479397e-09
1.497435408	9.35227034689989e-06	6.33883366200256e-05	9.7203944462799e-10	3.16732057767871e-05	0.000112107743582346	1.03950452214713e-09	1.91701473947115e-05	8.64468642203609e-05	9.94226346709351e-10	1.15462790975689e-05	6.48603610272022e-05	9.78560929264066e-10	2.78947392849282e-05	9.72388943659417e-05	1.0086123386408e-09
1.5095115	9.02661849352935e-06	6.20756723948177e-05	9.71442255024781e-10	3.01635864825097e-05	0.000109708729996495	1.03897447461507e-09	1.82042729420832e-05	8.40963560665779e-05	9.93703360596309e-10	1.11069548177333e-05	6.34155054137513e-05	9.78071555607767e-10	2.65785169233061e-05	9.43835414517291e-05	1.0081164907225e-09
1.521587592	8.49244950815655e-06	6.07968331771759e-05	9.7097218330896e-10	2.93744276462186e-05	0.000107907330420545	1.03823716976835e-09	1.70799293178786e-05	8.31289760925376e-05	9.93275537474595e-10	1.05825473706615e-05	6.16968225457064e-05	9.7763126616283e-10	2.49216904155298e-05	9.15174235729799e-05	1.00754021200522e-09
1.533663684	7.8578253263305e-06	5.91874843777493e-05	9.70283946829908e-10	2.79533422991226e-05	0.000106645234129866	1.03779851523413e-09	1.63740444891849e-05	8.06287400292841e-05	9.92687449725786e-10	1.00698292037801e-05	6.01129078835111e-05	9.77114684465649e-10	2.41729028655133e-05	8.95664760511081e-05	1.00714900730056e-09
1.545739776	7.61285062847147e-06	5.7952675384884e-05	9.69783630879364e-10	2.68623258177069e-05	0.000103710263145608	1.03735324468546e-09	1.55194319834372e-05	7.89489578412061e-05	9.92280510643349e-10	9.76310363837984e-06	5.85677691128687e-05	9.76714765783616e-10	2.31695188548314e-05	8.76808581997397e-05	1.00675104842035e-09
1.557815868	7.39639552522712e-06	5.68566725609711e-05	9.69346871862296e-10	2.58355832831217e-05	0.000102094636310691	1.03683934058952e-09	1.50456214994705e-05	7.70948359623852e-05	9.91827102655256e-10	9.44009992864592e-06	5.72943373652106e-05	9.7632343042706e-10	2.24452184596097e-05	8.5783699995271e-05	1.00624354600344e-09
1.56989196	7.10198000665215e-06	5.58417784968048e-05	9.68704512417993e-10	2.4918975627129e-05	0.000100455336326837	1.03611993233541e-09	1.43914600013642e-05	7.59218323144816e-05	9.9139257662326e-10	9.26753783723855e-06	5.61849369231097e-05	9.75665343112122e-10	2.1815899633962e-05	8.36259033040437e-05	1.00574604279147e-09
1.581968052	6.9365881908525e-06	5.46165229493659e-05	9.68288892380752e-10	2.44971421817132e-05	9.80698685632024e-05	1.0356185188155e-09	1.37785052052667e-05	7.45462433034537e-05	9.90960106251878e-10	9.01868567753195e-06	5.53444332456679e-05	9.75184056846347e-10	2.09860836544058e-05	8.19044076342004e-05	1.00531036866391e-09
1.594044144	6.69327667291944e-06	5.3173581844338e-05	9.67792886532528e-10	2.36420350146948e-05	9.62456073627832e-05	1.03507095577837e-09	1.33911445579816e-05	7.29047344601361e-05	9.90398642658148e-10	8.83132240886667e-06	5.37681230702032e-05	9.74672594824316e-10	1.997239365325e-05	7.977440253866e-05	1.00487618150868e-09
1.606120236	6.18188810917991e-06	5.18831815305715e-05	9.67197591579045e-10	2.30060298770074e-05	9.42194573635362e-05	1.03473723924688e-09	1.27763155488616e-05	7.14136781428934e-05	9.89946609369532e-10	8.21583142962565e-06	5.20667315186272e-05	9.74237693153374e-10	1.94017517796793e-05	7.84367717467871e-05	1.00440497158841e-09
1.618196328	6.08491976033257e-06	5.07746773809883e-05	9.66515435784065e-10	2.26885688704135e-05	9.17788611548214e-05	1.03425251383861e-09	1.1926845140702e-05	6.99760117198558e-05	9.89406795939378e-10	7.92167797141989e-06	5.11439322768615e-05	9.73790557207704e-10	1.87011018808636e-05	7.6441431949864e-05	1.00402749108129e-09
1.63027242	5.99133126720191e-06	4.95775121510946e-05	9.66040946619664e-10	2.1089463406606e-05	8.93852863620182e-05	1.03377991245512e-09	1.16071306989119e-05	6.89200128257395e-05	9.88858892975289e-10	7.33894899198454e-06	4.95960175030245e-05	9.73366892228803e-10	1.81050708379599e-05	7.42776515381187e-05	1.00358338618388e-09
1.642348512	5.56426403459036e-06	4.82479578661668e-05	9.65638362519847e-10	2.01670994458521e-05	8.84840962980358e-05	1.03346829721753e-09	1.10723497843194e-05	6.70917993159304e-05	9.88464223195277e-10	7.19590518555254e-06	4.85113932680603e-05	9.7292275422565e-10	1.78920646856284e-05	7.24061664338024e-05	1.00320449300626e-09
1.654424604	5.21784507045224e-06	4.71847457789688e-05	9.65117860437825e-10	2.01147518528259e-05	8.57274704199544e-05	1.03290018956489e-09	1.06812612456691e-05	6.54214055584875e-05	9.87906533708286e-10	6.97001389997404e-06	4.73446737445867e-05	9.7247607511049e-10	1.70556505156485e-05	7.03798426866861e-05	1.00252487685772e-09
1.666500696	5.07761372739429e-06	4.6012171416713e-05	9.64690312441441e-10	1.91644076361624e-05	8.41114022911041e-05	1.03249057902175e-09	1.03976738666682e-05	6.39734387404676e-05	9.87335464193421e-10	6.73932513205431e-06	4.61822844291111e-05	9.71770098143982e-10	1.62528726520971e-05	6.98832165437977e-05	1.00209493239805e-09
1.678576788	4.83079413276302e-06	4.50208312306404e-05	9.64239435395861e-10	1.83194052081037e-05	8.25160849130125e-05	1.0320927974423e-09	9.84624326451793e-06	6.2781009366922e-05	9.86937599947053e-10	6.54494755572524e-06	4.51374907336361e-05	9.71319996664967e-10	1.55364754627223e-05	6.86531960011754e-05	1.00159548346941e-09
1.69065288	4.61782293504997e-06	4.3857495153743e-05	9.63789198133857e-10	1.74661686916861e-05	8.05390805066577e-05	1.03155335030104e-09	9.37999786309221e-06	6.10957764333944e-05	9.86549879382108e-10	6.42921898549302e-06	4.39750324263938e-05	9.7099456834375e-10	1.51134879790818e-05	6.72627980718557e-05	1.00108439649479e-09
1.702728972	4.46987934260821e-06	4.27567637723576e-05	9.6342846351262e-10	1.6806437620655e-05	7.83295861331126e-05	1.03096535928037e-09	8.85017082353772e-06	5.94641918097892e-05	9.86048104921251e-10	6.13255086340224e-06	4.31252557501713e-05	9.70586254200792e-10	1.43077592235658e-05	6.42136604291051e-05	1.00063444687605e-09
1.714805064	4.33037903679339e-06	4.162623467306e-05	9.62815047945819e-10	1.64880632990377e-05	7.66480080542575e-05	1.03029472767695e-09	8.61501964405258e-06	5.78779179347903e-05	9.85439625949766e-10	5.93974783766323e-06	4.2210056048458e-05	9.70182917148176e-10	1.3996851505399e-05	6.24502767689669e-05	1.00021582135524e-09
1.726881156	4.13993138524822e-06	4.06493741947662e-05	9.62442650289682e-10	1.58675818715722e-05	7.44913523713102e-05	1.02959678299237e-09	8.24462574787615e-06	5.62581268579872e-05	9.85030613578153e-10	5.80589045511303e-06	4.09474434155422e-05	9.69675293172149e-10	1.39514858950908e-05	6.11256333510071e-05	9.99688288245441e-10
1.738957248	3.95411624241483e-06	3.90748976898604e-05	9.62057601983153e-10	1.4999431832215e-05	7.26315842564687e-05	1.02916897507024e-09	7.96210028168507e-06	5.44422921953191e-05	9.84448125938073e-10	5.27592656608888e-06	4.00200958393079e-05	9.69247817332171e-10	1.34846105357721e-05	5.94053328985953e-05	9.99122426383689e-10
1.75103334	3.85097085664891e-06	3.82993779564987e-05	9.61589130129766e-10	1.47376871697795e-05	7.10634033476017e-05	1.02854365339152e-09	7.76073887942005e-06	5.28942406805388e-05	9.8385198541862e-10	5.0939321314479e-06	3.8844720479892e-05	9.68824183939855e-10	1.27349203938999e-05	5.73441402064769e-05	9.98684636878993e-10
1.763109432	3.62730579227854e-06	3.69846501975341e-05	9.61111042350553e-10	1.39029647107259e-05	6.92856906652851e-05	1.02815875654638e-09	7.38040674401093e-06	5.19305442340901e-05	9.834508730807e-10	4.78991790857528e-06	3.80884438942375e-05	9.68368123357969e-10	1.23161913069997e-05	5.58957657859563e-05	9.98243092300778e-10
1.775185524	3.56240223518154e-06	3.59667021023156e-05	9.60641748012917e-10	1.34982649457936e-05	6.7468560522989e-05	1.02764072054062e-09	7.05864023791553e-06	5.09543073374586e-05	9.82824334380819e-10	4.50494733068897e-06	3.73046154555161e-05	9.67910214176197e-10	1.18145564146797e-05	5.4652955054133e-05	9.97773937673003e-10
1.787261616	3.48824600915408e-06	3.51327528724995e-05	9.60191364656598e-10	1.27395492919717e-05	6.6296444166006e-05	1.0272034493049e-09	6.83549873349076e-06	4.99063380257119e-05	9.82404630231322e-10	4.33645881096041e-06	3.65708949789329e-05	9.67462354844671e-10	1.11074978740369e-05	5.33918440013285e-05	9.97338452583678e-10
1.799337708	3.26360344313534e-06	3.41866571376605e-05	9.59631786680687e-10	1.23068449739501e-05	6.45417073397949e-05	1.02678769919516e-09	6.56529181106042e-06	4.84671138985038e-05	9.81940843469706e-10	4.16481362268734e-06	3.57926628471704e-05	9.67048219835871e-10	1.07911721098824e-05	5.20648302638023e-05	9.96794967545154e-10
1.8114138	3.04111907363322e-06	3.29965766501916e-05	9.59068654327997e-10	1.15945572021291e-05	6.32775972778751e-05	1.02621453681962e-09	6.38898806504686e-06	4.7536329654881e-05	9.81377737326962e-10	3.9352352679069e-06	3.49060788435199e-05	9.66616441798243e-10	1.04608747220058e-05	5.12582400774598e-05	9.9633720145063e-10
1.823489892	2.93910134267756e-06	3.21249707261004e-05	9.5867386615738e-10	1.11303347778896e-05	6.18632895252235e-05	1.02577772668074e-09	6.06629001612174e-06	4.67926730811795e-05	9.80945172334259e-10	3.80454740719997e-06	3.41203691670913e-05	9.66123076632149e-10	1.00693654675835e-05	5.00563233354498e-05	9.95904809555795e-10
1.835565984	2.83083964654969e-06	3.14595857408509e-05	9.58236317115651e-10	1.07733071362154e-05	6.07597389130315e-05	1.02535406597558e-09	5.74025126224759e-06	4.53337802521195e-05	9.80417020653905e-10	3.67243236803851e-06	3.35103016486208e-05	9.65765277678571e-10	9.5973223834719e-06	4.87674160629396e-05	9.95491723375935e-10
1.847642076	2.66441731360978e-06	3.05951502499143e-05	9.57709155202246e-10	1.0191552348079e-05	5.94431062791935e-05	1.02486601754884e-09	5.68202382074294e-06	4.42706197688607e-05	9.80023234150704e-10	3.51203945675081e-06	3.2378080277877e-05	9.65239197192952e-10	9.37694254672779e-06	4.73656064304975e-05	9.95080102409068e-10
1.859718168	2.48395332907801e-06	2.96927392445449e-05	9.57243096235829e-10	1.00625299688272e-05	5.79736371590085e-05	1.02426222117016e-09	5.3173246134566e-06	4.28052170436441e-05	9.79682192055403e-10	3.42664986874786e-06	3.19677181831682e-05	9.64833755735887e-10	9.1175360499144e-06	4.63194899236589e-05	9.94662166371203e-10
1.87179426	2.40678282766544e-06	2.89246525244143e-05	9.56826329714075e-10	9.71064151920164e-06	5.70060305417378e-05	1.023823934324e-09	4.90778409009803e-06	4.22701949545608e-05	9.79124368274377e-10	3.35394312882145e-06	3.14267522283354e-05	9.64356983669539e-10	8.6339757922377e-06	4.5179032321418e-05	9.94325936571124e-10
1.883870352	2.28927512925572e-06	2.81597316892024e-05	9.56399121259774e-10	9.56899698309784e-06	5.59457822542359e-05	1.02338980380063e-09	4.81019689986773e-06	4.14112228624528e-05	9.78721489276407e-10	3.10923668261328e-06	3.10140913540661e-05	9.63964173142982e-10	8.19804261574127e-06	4.40540735475202e-05	9.93819463870641e-10
1.895946444	2.15485617095161e-06	2.73004656749179e-05	9.55808768545846e-10	9.11988705699381e-06	5.45346826489745e-05	1.02278896296986e-09	4.52251371928228e-06	4.05837632821422e-05	9.78124555906252e-10	2.97832048648894e-06	3.02442984900116e-05	9.63555385266206e-10	7.72810171854381e-06	4.33367359996415e-05	9.93338013426214e-10
1.908022536	2.04855230368481e-06	2.67499020271857e-05	9.55386118088716e-10	8.85083063561058e-06	5.33902641719488e-05	1.02237008080073e-09	4.2910438843116e-06	3.92808668380465e-05	9.77567269380522e-10	2.95325314257738e-06	2.96366082065342e-05	9.6308248870039e-10	7.36589750290415e-06	4.1900458565054e-05	9.92906023433459e-10
1.920098628	1.96212870027999e-06	2.60893068483295e-05	9.54981523533776e-10	8.33686445046789e-06	5.2037248730318e-05	1.02195716517009e-09	4.1345877405365e-06	3.87816859904493e-05	9.77182760075344e-10	2.925080196258e-06	2.90095025246115e-05	9.62694750009659e-10	7.15474256269221e-06	4.12330918798051e-05	9.9254838086162e-10
1.93217472	1.89279080708846e-06	2.52838097499468e-05	9.54395346656039e-10	8.27618799323704e-06	5.05702370108844e-05	1.02132760780808e-09	3.97566765191787e-06	3.75260112794016e-05	9.76612560271648e-10	2.80385141614625e-06	2.83729975808489e-05	9.6241011759384e-10	7.01799072426009e-06	4.02344546491754e-05	9.92265632949334e-10
1.944250812	1.81904395878412e-06	2.45752080743959e-05	9.54020772906216e-10	7.89968751769574e-06	4.98618845221011e-05	1.02093965334548e-09	3.83601250884964e-06	3.6829363253881e-05	9.76049513963458e-10	2.61519299678018e-06	2.77809543770603e-05	9.62049356056364e-10	6.44055821373035e-06	3.94677175094944e-05	9.91890784692744e-10
1.956326904	1.70492846878129e-06	2.39985028095798e-05	9.53628348066005e-10	7.62696669206217e-06	4.84873148311289e-05	1.02046608314962e-09	3.67425108796873e-06	3.57461858525816e-05	9.7556388617055e-10	2.50414172436871e-06	2.6985508287626e-05	9.61520052339521e-10	6.2056948190137e-06	3.89598352893431e-05	9.9132347707549e-10
1.968402996	1.62100963460453e-06	2.32908264619878e-05	9.53047212698849e-10	7.21714882433547e-06	4.73210403786252e-05	1.01997514464134e-09	3.47375732878246e-06	3.49074240705506e-05	9.75194312749275e-10	2.42662681918729e-06	2.62489089615159e-05	9.61158345624e-10	6.02483966510792e-06	3.82166915158674e-05	9.90927705186632e-10
1.980479088	1.59785257277513e-06	2.26775119018791e-05	9.52666770631551e-10	6.78725203456111e-06	4.62413070670417e-05	1.01947143081221e-09	3.32170383248573e-06	3.39102979848176e-05	9.74649026714781e-10	2.31537362811012e-06	2.57618876383129e-05	9.60732418676778e-10	5.77829928737782e-06	3.75151044561323e-05	9.90646297382583e-10
1.99255518	1.57664720618898e-06	2.24826475203908e-05	9.52553441303823e-10	6.66207905270105e-06	4.59943565483048e-05	1.01932179884778e-09	3.31869811308109e-06	3.37326582177436e-05	9.74522929231667e-10	2.27285223130622e-06	2.5715542328774e-05	9.60607541513642e-10	5.67242117164216e-06	3.73627047106508e-05	9.90508332251858e-10
