t	POCSmin	rNBKmin	NBKmin	POCSmax	rNBKmax	NBKmax	POCSmedian	rNBKmedian	NBKmedian	POCSquant25	rNBKquant25	NBKquant25	POCSquant75	rNBKquant75	NBKquant75
0.013544574	0.0219859494572143	0.020239162788826	0.0144317430160633	0.0240530814150095	0.0234114875654178	0.0207896290400481	0.02287953746066	0.021870234365859	0.0177304270721271	0.022672631638882	0.0217571566093366	0.0155270341560594	0.0240490350702272	0.0219592036814197	0.0185478671376441
0.027089148	0.0191706088760054	0.0147474836187151	0.00872906141067298	0.0211774928753491	0.0180437284334405	0.0106149297099341	0.0203416559762333	0.0163266291952402	0.00968098739283367	0.0197370999293408	0.0161046411166005	0.00889126101161242	0.020856753936005	0.0166709256183873	0.00981764657812822
0.040633722	0.0155573576887535	0.0118663690030877	0.00478946954294833	0.0192301787587259	0.0139426309201819	0.00701669135115936	0.0170845709395956	0.0125475430101331	0.00564892257537016	0.0161612744823704	0.0123565335950056	0.00528275385712503	0.0170923021816275	0.0133669635553642	0.00654381586519524
0.054178296	0.0127845315052007	0.00944788109371131	0.00312737769006127	0.0156311922736812	0.0113994472117016	0.00474959896957659	0.0132702062732638	0.0105830695758043	0.00361541188989554	0.0131152064902426	0.0098979481923348	0.00358886607617766	0.0133690452807897	0.0109605112388112	0.00465610281938159
0.06772287	0.0103384033742313	0.00787549179226735	0.00205379992694702	0.0128453864450721	0.00952145425564789	0.00390288985690549	0.0109126867314614	0.00900428050058894	0.00298428533495575	0.0108026214742491	0.00830835160388456	0.00274169264055079	0.0110934293167276	0.00917196400822949	0.00310961319448988
0.081267444	0.00877405723643228	0.00684665491197259	0.00153535446282203	0.0106876215727996	0.00812147814475231	0.00285343731268954	0.0091993705758493	0.00787143017684667	0.00208714668081871	0.00916878911195902	0.00731522613487182	0.00190220703425584	0.0104360233849361	0.00800202607789065	0.00213893297217321
0.094812018	0.00736960321745331	0.00611804188194774	0.00119256373425038	0.0091318276443128	0.00713684372176019	0.00206805734052266	0.00823332574311377	0.0067718529291441	0.00173666644995951	0.00816483722112057	0.0064080722676497	0.00163980192188449	0.00871672972712051	0.0070971017351374	0.00175979181316981
0.108356592	0.00614368517690102	0.00544403611586374	0.00110699393472474	0.00846803641796389	0.00638647282891847	0.00195812287349364	0.00745497471387152	0.00593879003624113	0.00139583458204211	0.00722307914978235	0.00579907002916556	0.00138708711175168	0.00753004612285614	0.00634964158987818	0.00146646477018299
0.121901166	0.00567773716610788	0.00486568522454177	0.000884408225392957	0.00724907625122405	0.0057689417481258	0.0015186831125565	0.00627789362361297	0.00532434026431153	0.00103256103400874	0.00604324052884287	0.00510417384606367	0.00102197301097181	0.0070419601849152	0.00568342548967603	0.00118348011937192
0.13544574	0.00493239625244923	0.00440250591564973	0.000701083075820186	0.006559788502007	0.00510833817601019	0.00110231539226451	0.00603726802989972	0.00486337497235834	0.00086352527853347	0.00534635424919373	0.00466832767294454	0.000741868545462999	0.00606390547147832	0.00507931890509735	0.000868685856641529
0.148990314	0.00447545349848927	0.00406134247896437	0.000540913859497904	0.00578370281601354	0.00467413395189564	0.000963940405858421	0.00553621991947427	0.00436274111543875	0.000641881660298821	0.00480188158968542	0.00434442890907249	0.000621354083907889	0.0057646224517313	0.00459112643887549	0.00070928663416231
0.162534888	0.00406017122138516	0.00378841342527168	0.000407892506358876	0.00518748401948958	0.00433234905963893	0.000860475093505964	0.0051593423918326	0.00395728326361596	0.000560981603658173	0.00449869452930926	0.00392314278971066	0.000478945408257979	0.00517783718507973	0.00424977072507039	0.000593533630183641
0.176079462	0.00360951133788806	0.00349793189939416	0.000340777843597402	0.00501026386461935	0.00404244583989345	0.000746146804471886	0.00468708352992499	0.00370365382284181	0.000473462183478458	0.0041159612622677	0.00356395826545137	0.000444022502941138	0.00470312176508669	0.00384886515654086	0.000509688461990811
0.189624036	0.00347546935940348	0.00325318321717957	0.000256597568149094	0.00464470799466192	0.00372088432529792	0.000593171858282648	0.00421515282659367	0.00340469494783508	0.000394877561124454	0.00396354315009626	0.00332513793145288	0.000355804376250072	0.00446157853993858	0.00351381857380856	0.000456375417950329
0.20316861	0.00312391190683378	0.00302618711671901	0.00022442667679469	0.00429310720062951	0.00345082118408971	0.00052760577480002	0.00396308867659845	0.00321543293709567	0.000340562983265399	0.00366486871490639	0.0030711879837588	0.000300331434088143	0.00418098454585603	0.00327435455171378	0.000346401743562908
0.216713184	0.00294847264126256	0.00279799726113855	0.000193534167767411	0.00407458985026306	0.00316673995196522	0.000421194699647244	0.00367162450620919	0.00303790298913602	0.000294700804229899	0.00337113137600665	0.0029443751637874	0.000205406005154805	0.00405506068082238	0.00311247484344449	0.000299128394225768
0.230257758	0.00273051891741529	0.00260522526515423	0.000153186835985562	0.00382526874405237	0.00294871206569003	0.00034399119405157	0.00346606781552149	0.00288403742014087	0.000211286767287158	0.0030562474438139	0.00282190995585518	0.000165195815859363	0.00369670314879915	0.00290280540853659	0.000246154209002261
0.243802332	0.00256261280335838	0.00243746367792314	0.000143930920877179	0.00347310206930632	0.00276329721666154	0.000312481701356158	0.00304456256319565	0.00266136097250047	0.00017464249371043	0.0026786948484904	0.00265367815888827	0.000146909075327473	0.00346863911674011	0.00273602843790653	0.000196288021738953
0.257346906	0.00237872777352301	0.00228620041829461	0.000119476838579101	0.00324861032590412	0.00259862086579822	0.00027419563073373	0.00283053314251283	0.00250059511028199	0.000143503802794157	0.00250353107288456	0.00248441644782837	0.000126932241160046	0.00305825776910004	0.00258979282259097	0.000180725471055016
0.27089148	0.00224990804701521	0.00219633392129368	9.45744744311396e-05	0.00296039555674168	0.00249368054833524	0.000223016796706185	0.00266706293675789	0.0023916387437568	0.000114871540111085	0.00230694711952714	0.00236375871500328	0.00010955033172105	0.0028399879335131	0.00244083002615518	0.000138951656372627
0.284436054	0.00202395128571171	0.002059118703376	7.55715963013884e-05	0.00268761437352832	0.00235403944810753	0.00019525502654121	0.00257562906764456	0.0022858743909347	9.48886046645029e-05	0.00212878693200302	0.00223161911922302	8.27771036759651e-05	0.00263602280233919	0.00231057580274554	0.000123300462486943
0.297980628	0.00194931960983223	0.0019523293898112	5.40596301083846e-05	0.00250307396176853	0.0022297345920109	0.000155848182500976	0.00240274022032093	0.00217472057513531	7.50500184666656e-05	0.00200619369672989	0.00213565813811447	7.09763515783877e-05	0.00248369053718806	0.00219305326693216	0.000111287221541466
0.311525202	0.00178316922141878	0.00186801403702224	3.84011916490516e-05	0.00236773144820731	0.00214296675574991	0.000132852816346675	0.00233975231123875	0.00208605611356635	6.4287255660751e-05	0.00180053635032581	0.00199586533350538	5.62167862647039e-05	0.00235942036023132	0.00208669151875895	8.30035839444703e-05
0.325069776	0.00168916270475684	0.00179845865049305	3.00706640986353e-05	0.00219140871997191	0.00204427247519596	0.000110567771187638	0.00213384060704507	0.00195695482595949	6.30479876252295e-05	0.00174389400816767	0.00191855541908139	4.67241233192321e-05	0.00215205049906585	0.00198451390627098	7.11534772839531e-05
0.33861435	0.00151108337928758	0.00172135255801006	2.49885920927522e-05	0.00204244931970651	0.00192018759456248	9.0434521766636e-05	0.00202024476892014	0.00185882829126458	5.04830082276526e-05	0.0016323813851264	0.00183755750830593	3.88865086232809e-05	0.00203775742315296	0.00190387010898842	5.98279836092987e-05
0.352158924	0.00138265406813848	0.00166294058099196	2.03409742794029e-05	0.00191576256263318	0.00182577187337029	7.40471179644024e-05	0.00182343430715993	0.00176888431012352	4.36512962758736e-05	0.00154639153124362	0.00174721554214215	3.41004686851564e-05	0.00186518568637666	0.00182148026330239	5.50440314703618e-05
0.365703498	0.00127289216329584	0.00159053471017418	1.80244210463656e-05	0.00184037860063713	0.00173856029514407	6.52026973241035e-05	0.0017076499135449	0.00169844814541729	3.49780747481294e-05	0.00146995635475399	0.00166841373816137	2.78795218601552e-05	0.00177410542777803	0.00171846138486738	4.83219162030114e-05
0.379248072	0.00120699192639005	0.00153760205132511	1.53624131720502e-05	0.00173747879870859	0.00165869209456719	5.42416367841168e-05	0.00159715770876978	0.00161533998297388	3.03809087357629e-05	0.00142808070376468	0.00159583888214653	2.30464751644603e-05	0.00168508793619795	0.00164711878449014	3.60601116967557e-05
0.392792646	0.00115535555231567	0.00148398575568451	1.38060105327108e-05	0.00167233655989797	0.00158221914185761	4.68064049858243e-05	0.00150781339664885	0.00152955651784595	2.53417636245774e-05	0.00132045379865945	0.00152473818567249	2.06443107424148e-05	0.00160240340146799	0.00156376931142795	3.48599675309761e-05
0.40633722	0.00106313776512606	0.00143889315547662	1.18696059428649e-05	0.0015990113858274	0.00151008243258177	3.90675197321069e-05	0.00144565993229491	0.00145882361327886	2.20011939252314e-05	0.00127073785482011	0.00144923141771869	1.85054336056556e-05	0.00151823118230739	0.00149281107161853	2.67210447337252e-05
0.419881794	0.00102041525235059	0.00138790809221296	1.11303336285863e-05	0.00153408069055732	0.00144321783316212	3.3732643690382e-05	0.00138065070440908	0.00139607805088989	2.09555163821048e-05	0.00124600876679235	0.00139178034741613	1.55372018164848e-05	0.00147022913712651	0.00143030799367471	2.42968985219597e-05
0.433426368	0.000975279798587151	0.00132541362556694	1.09308643895801e-05	0.00142025955882784	0.00138934633979008	2.67645775143634e-05	0.00130797239069421	0.00134138447268557	1.68158783444887e-05	0.00117459258257695	0.00132783968687135	1.46354915892257e-05	0.00141882860946309	0.00137465608264418	1.95483937588982e-05
0.446970942	0.000935182222576027	0.001261823848284	1.07531370747638e-05	0.00134212016463787	0.00132855760523827	2.35779174554654e-05	0.00124998720490699	0.00129476232217182	1.46822497809553e-05	0.00111568386751383	0.00126551480738085	1.26997252622429e-05	0.00131561362704278	0.00131192385376074	1.63035166911169e-05
0.460515516	0.000879891234511819	0.00120137968510695	1.08010071000851e-05	0.00125879742683338	0.0012814704553468	2.01313370070226e-05	0.00117535003890375	0.00125270653910208	1.35078842603967e-05	0.0010358063406362	0.00120952685591273	1.22368429362255e-05	0.00121804842571805	0.00126572466143481	1.51519841848684e-05
0.47406009	0.000828596748092703	0.00115830745066143	1.04707400012647e-05	0.00116033382800995	0.00122200651888103	1.73267705730159e-05	0.00113797311265969	0.00121819656650229	1.33339280114991e-05	0.000977854112894818	0.00116646224553709	1.14477909812608e-05	0.00115366812710629	0.00121942794078235	1.36974392169665e-05
0.487604664	0.000765672541076558	0.0011066552073736	1.04131288887986e-05	0.0011101749373484	0.00117872121603959	1.52597307922891e-05	0.00107960172959125	0.00117038495294465	1.20345639448019e-05	0.000926946026810054	0.00112235825072036	1.08673753808997e-05	0.0010979231905538	0.00117808186477023	1.21910117499655e-05
0.501149238	0.000721915965467658	0.00107334393627337	1.00886874605118e-05	0.0010387104357349	0.00114183533012122	1.44813827375547e-05	0.00101095015688305	0.00112565747925745	1.11253052967921e-05	0.000868702790703231	0.00109376270018653	1.0804972208886e-05	0.00101125766741187	0.0011357273706952	1.1614746144522e-05
0.514693812	0.000689405275317736	0.00103219957156281	9.74728154691411e-06	0.000975052758522086	0.00109804340170979	1.3700390278251e-05	0.000951320608405485	0.00109707538975408	1.07900200093476e-05	0.000823880033756742	0.00104692980360765	1.03075676825506e-05	0.000973485657443192	0.00109730044385374	1.0796073978717e-05
0.528238386	0.000649488322705902	0.000996512992338608	9.44464233609318e-06	0.000932170473512854	0.00106806291620824	1.30660988225383e-05	0.000888746395242357	0.00105187302730663	1.03105476735715e-05	0.000789878130788565	0.00100040365413114	1.02754805583358e-05	0.000932012651779174	0.00105764077482598	1.0499722401166e-05
0.54178296	0.000616327631700258	0.000955661918424127	9.44040089750126e-06	0.000879054728574553	0.00104148633200416	1.14632143346228e-05	0.000860344924441071	0.00102087493472769	1.02473155447363e-05	0.000753212387607518	0.000983504079803281	1.02118337242e-05	0.000874169016949259	0.00102358395077779	1.0494680575059e-05
0.555327534	0.000577791044961228	0.000927218782691913	9.4368004842189e-06	0.000842035934967513	0.00100280418222194	1.13515362003826e-05	0.000805706093714261	0.000976339454970394	1.01653496323309e-05	0.000657544652241943	0.000948119457922354	1.01584441922913e-05	0.000836896387146521	0.000981362851717001	1.02064431729273e-05
0.568872108	0.000542624501949227	0.000893835661073903	9.43265229463768e-06	0.000817505363559762	0.000965557541253702	1.09598394479386e-05	0.000775088960526027	0.000948052781650092	1.01589520679756e-05	0.000630501580465288	0.000918082764670745	9.99107801582663e-06	0.000778220152216219	0.000959101329135198	1.0201342259978e-05
0.582416682	0.000519036677983871	0.000870381180780575	9.42793779201968e-06	0.000769872650857654	0.00093313303896738	1.0799816049883e-05	0.000736493533348152	0.000921792658777185	1.01534033262373e-05	0.000583222535936593	0.000881990375333755	9.91713997960477e-06	0.000749586271573438	0.000928268758438927	1.01969788002127e-05
0.595961256	0.000495934386196343	0.000844417698740891	9.42422250692673e-06	0.000733937013903398	0.000902412808752327	1.03157779969933e-05	0.000700435081683453	0.000888552815854436	1.01483345555811e-05	0.000557943030850381	0.000848401448370872	9.91194326124857e-06	0.000707804321082755	0.000890424776041615	1.01922865021157e-05
0.60950583	0.000462503707033673	0.000812289324917253	9.41983079201079e-06	0.000703062410532722	0.000873537523339339	1.02655667066491e-05	0.000677256428598192	0.000855458103489158	1.01439235537674e-05	0.000512905579659671	0.000817140134954058	9.90640107338325e-06	0.000690549910814524	0.000861525441296924	1.01878183366276e-05
0.623050404	0.00043979143505619	0.000780575104063492	9.41552929967736e-06	0.000659291262840867	0.000836403468164863	1.01827503131871e-05	0.000647822132940737	0.000833274580974836	1.00658809601168e-05	0.000490897339261654	0.00079363879394866	9.90122962652965e-06	0.000658303552818317	0.000835049636746797	1.01378748230053e-05
0.636594978	0.000422411011676727	0.000748453035575354	9.41050209994919e-06	0.000621538457625111	0.00080714312221548	1.01774819428281e-05	0.000576769007726998	0.000801638348197718	9.93823702460422e-06	0.00047500066612036	0.000775332703888566	9.8959409850072e-06	0.000620283212632271	0.000803309822834198	1.01328585066318e-05
0.650139552	0.000399961044708447	0.000721545394470723	9.40600978912988e-06	0.000590075525298691	0.000783797633090783	1.0172316845628e-05	0.000561684552198805	0.000776185130306326	9.91733210513011e-06	0.000453701309756653	0.000751329606385359	9.8901048769789e-06	0.000577173013161504	0.000778056957836536	1.01283361504291e-05
0.663684126	0.000371394991355527	0.00070239965013385	9.40166059767471e-06	0.000572225355848876	0.000760123710068873	1.01665616453558e-05	0.000528616072062339	0.000750804636999063	9.91365180180245e-06	0.000423347680759735	0.000736848353968145	9.88703436755161e-06	0.000554501104984165	0.000753723901507706	1.01232943157562e-05
0.6772287	0.000363325495359741	0.000681723412627319	9.39550534320113e-06	0.000543263629818	0.000731368698487776	1.0161673341446e-05	0.000513947360424255	0.000723080012616576	9.91101783497653e-06	0.000400464347898249	0.000714060358533638	9.88130314374215e-06	0.000535383765651493	0.000726043189770156	1.01179216480766e-05
0.690773274	0.000336204336654231	0.000654932996921089	9.39201546650167e-06	0.000522812152078841	0.000713096469224479	1.01559993211867e-05	0.000506547965353082	0.000695523659778831	9.90603824110753e-06	0.000382785722397123	0.000692515638758026	9.87699057662476e-06	0.000511143871479793	0.000696472090831104	1.01128868569097e-05
0.704317848	0.000331491033582407	0.000639618850685618	9.38793477821635e-06	0.000504312394550228	0.000690654302460308	1.01508241037692e-05	0.000481726882091424	0.000673377238612541	9.90273222744193e-06	0.000371759781598102	0.000673355186433274	9.87119067637297e-06	0.000490318167615468	0.000674216634966554	1.01094850453884e-05
0.717862422	0.000311977884943892	0.000615002977225713	9.38358383809737e-06	0.000475806127775074	0.000684341447506396	1.01464062203817e-05	0.000463070698073044	0.000648527872650979	9.89828085363097e-06	0.000353363714904038	0.000646474930697725	9.86579764309896e-06	0.000474988785971708	0.00064909902547366	1.01042402779563e-05
0.731406996	0.000297255577925507	0.00059331944290246	9.37938599657512e-06	0.000452554086074735	0.000666711918863684	1.01406651297295e-05	0.000442123872711746	0.000629813857329883	9.89540034655506e-06	0.00033685330401766	0.000624050204145484	9.86018521484219e-06	0.000446297919748616	0.000634884361787683	1.00996497803525e-05
0.74495157	0.000282536462633081	0.000578097230816492	9.37642165303718e-06	0.000429652657658129	0.000637500101871072	1.01365026007311e-05	0.000419204505776201	0.000608703354020107	9.89051200406744e-06	0.000308884265176883	0.000604961582833647	9.85364406462445e-06	0.000428756651330152	0.000615636597897423	1.00933781775014e-05
0.758496144	0.000269022632303123	0.000553762110137771	9.37193137696471e-06	0.000413174613171885	0.000620970668107076	1.01319018129968e-05	0.000401866765774262	0.000591544884649195	9.8855537072368e-06	0.000289449965381712	0.0005787617024107	9.84903020230098e-06	0.000406733592704647	0.000597467909830507	1.00898125368205e-05
0.772040718	0.00025232016235746	0.000533964682897004	9.36772206883805e-06	0.000397430457120656	0.000599995979703435	1.012908083669e-05	0.000381548564236524	0.000575137961843163	9.88052040766208e-06	0.000273197082349752	0.000564268480872295	9.84365790024724e-06	0.000385159452439255	0.000579332259842971	1.00842528406447e-05
0.785585292	0.000242921052941439	0.000510534227007511	9.36345509321699e-06	0.000384157096913237	0.000583088342634568	1.01238538453165e-05	0.000360421300659039	0.000558437545541252	9.87621366938161e-06	0.0002567000169042	0.000542568057553685	9.838246768277e-06	0.00036992790828198	0.000562254343856416	1.00790377224639e-05
0.799129866	0.000228869369054309	0.000496006924990898	9.35962272542236e-06	0.000355968977011739	0.000568333099141573	1.01181731231591e-05	0.000345809414944063	0.000539414607007696	9.87139133632804e-06	0.000239446835934978	0.000524237760355481	9.83315867885913e-06	0.000347015823564138	0.000541115038390016	1.00743509734613e-05
0.81267444	0.000219388477719649	0.000480646090275891	9.35595888320796e-06	0.000343024315934387	0.000550986807530946	1.01123741200279e-05	0.0003284760971994	0.000521375961252549	9.86627141687782e-06	0.000229617464614258	0.000503605801649091	9.828327030354e-06	0.000339199460462847	0.000524382905355589	1.00674422301747e-05
0.826219014	0.000211197299386717	0.000466588645160428	9.3506519358867e-06	0.000325856839445694	0.000536682241920711	1.01090122535487e-05	0.000310529843526438	0.000509317030959068	9.86157401150775e-06	0.000214192716502288	0.00048686920101591	9.82162572391861e-06	0.000322620111113814	0.000512195957911292	1.00614203766342e-05
0.839763588	0.000197921037173609	0.000453348005904246	9.34664283808106e-06	0.000314587900332881	0.000521676505100341	1.01034126105035e-05	0.000306036326502822	0.000489822894381938	9.85699590746998e-06	0.000207258452024208	0.00047162920368996	9.81637120333932e-06	0.000306256311377946	0.000493753005604451	1.00538093031867e-05
0.853308162	0.000191681015172692	0.000442570721723669	9.34166669264059e-06	0.000306408684023381	0.000506185351455381	1.00985565502127e-05	0.000290977016932775	0.000476213099264345	9.85100007411092e-06	0.000192962983609033	0.000455861363857881	9.81167745388033e-06	0.000297482652899499	0.000482237028115739	1.00492077861256e-05
0.866852736	0.000181046031046381	0.000426576964724944	9.33680092565987e-06	0.00028517463975505	0.000495053848779826	1.00950562414331e-05	0.000279059279238242	0.000464874185801335	9.84643076191151e-06	0.000185846960148002	0.000445176368536125	9.8066738359037e-06	0.0002841187209016	0.000466525680002575	1.00444205684654e-05
0.88039731	0.00017235246455854	0.000408393584077596	9.33237947076466e-06	0.000270025808488438	0.000479229914231557	1.00914235859149e-05	0.000264839225857492	0.000451141390787584	9.84121538990205e-06	0.00018040218984109	0.000434515673107783	9.80186234187964e-06	0.000269826651665743	0.000454107834782089	1.00376317365994e-05
0.893941884	0.000162979281433197	0.000396361832712264	9.3273067721369e-06	0.000258516468707076	0.000463140136831743	1.008585718404e-05	0.000253168651291899	0.000435410821189012	9.83708369221175e-06	0.000178550759366139	0.000420323319540849	9.79583815183182e-06	0.000255791626115623	0.000442303431672656	1.0032979563619e-05
0.907486458	0.000154786304504868	0.000385588328721103	9.32378159106918e-06	0.000247517295891655	0.000454100664570002	1.00812738423063e-05	0.000239971248559964	0.000422376273971116	9.83258703110581e-06	0.000170874895439162	0.000406069716826951	9.79116951217759e-06	0.000247055467830198	0.000428726968622025	1.00280221813585e-05
0.921031032	0.00014505580340594	0.000370145641358251	9.32066832938915e-06	0.000241890277473557	0.000439897343957791	1.00761615916097e-05	0.000228675888623218	0.00041291693089851	9.82820829515508e-06	0.000165412612485187	0.000398810546900672	9.78527367083417e-06	0.00023481156889408	0.000417016621634598	1.00229795442853e-05
0.934575606	0.000142305463039147	0.000357673877549792	9.31677101477964e-06	0.000229857512224957	0.000429011195611947	1.00725096406575e-05	0.000219935728061636	0.000402642548929578	9.82521540509e-06	0.000157636577725079	0.000388356244490263	9.77989008249121e-06	0.000227464874992719	0.000403877805243799	1.00178910926927e-05
0.94812018	0.000129499717541808	0.000347104043951298	9.3114473736097e-06	0.000214705018718326	0.000420080716660184	1.00660478736928e-05	0.000209270757064979	0.000387904871745542	9.82105304967371e-06	0.000149675391513416	0.000377557431989627	9.77460260877187e-06	0.000212750047494228	0.000389105676203898	1.00105483423667e-05
0.961664754	0.000123670619949474	0.000333969127406743	9.306894059347e-06	0.000204512563449905	0.00041049382874595	1.00607403663696e-05	0.000193894455823705	0.000377329357478305	9.81855981015266e-06	0.000138721695244151	0.000364488490994024	9.77117889878537e-06	0.00020250276572706	0.000378730895701356	1.00050108419941e-05
0.975209328	0.000120426283399868	0.000323579476229325	9.30261547805243e-06	0.000197862309626199	0.00039892133648191	1.00569597377017e-05	0.000181155139266341	0.000367874244894253	9.81383744654387e-06	0.000134293495880105	0.000354752236090197	9.76653317426673e-06	0.000195174254408592	0.000368065848266715	9.99941679394755e-06
0.988753902	0.000114502828585007	0.000312116144637837	9.29868636611859e-06	0.000190908068456845	0.000390203538083668	1.00510719366277e-05	0.000174809668532013	0.00035501574432236	9.80934866843716e-06	0.000123628407685696	0.000344693023428493	9.76146319362251e-06	0.000188375006612736	0.000359164545915822	9.9967204206586e-06
1.002298476	0.00010777541338165	0.00029851112977878	9.29418410124467e-06	0.000182057214359495	0.000379370772240735	1.00445346950642e-05	0.000165442676713824	0.000344683205863002	9.80407319562125e-06	0.00012010800881747	0.000334589658589289	9.75771633433531e-06	0.000181896145871132	0.000347278856403083	9.99248161990534e-06
1.01584305	0.000103673429192009	0.000288778730564121	9.2904261095696e-06	0.00017766152649703	0.000367320448333407	1.00400877850927e-05	0.000159578615331955	0.000333286978753699	9.79948709822694e-06	0.000115618769390984	0.000321548839616902	9.7524092028297e-06	0.000176284962000076	0.000338470114225893	9.98768049017272e-06
1.029387624	0.000100328432210557	0.000277041089011471	9.28608282646115e-06	0.000169935781473448	0.000358919230362609	1.00358552110638e-05	0.000154121143406266	0.000321719081956519	9.79473786517837e-06	0.000111387614995956	0.000311561165782386	9.74797073762241e-06	0.000167036069578157	0.000329168926048969	9.98367415264739e-06
1.042932198	9.69611842847591e-05	0.000268930974974086	9.28166455232527e-06	0.000163888615338629	0.000348221600738733	1.00311646957658e-05	0.000145152219081663	0.000312373104475439	9.79043857436719e-06	0.000107434491850552	0.000304368045262116	9.745248497117e-06	0.000156946205118388	0.000321187886581331	9.97810872607687e-06
1.056476772	9.43685542038418e-05	0.000258194116915185	9.27762569768284e-06	0.000157039666651474	0.000337415829094049	1.00264071871754e-05	0.000142400569758849	0.000304760023650469	9.78651207065507e-06	0.000104269068463955	0.000295586818483296	9.74048301354245e-06	0.000148693434449553	0.000313620512140183	9.97142046592773e-06
1.070021346	8.91821308517754e-05	0.000251931176058878	9.27336707434403e-06	0.000152726054906346	0.000330593550791496	1.00207999483328e-05	0.000137049735646788	0.000294740992989773	9.78187527168693e-06	0.000100068930996286	0.00028543720329984	9.73526116827896e-06	0.000142891437054751	0.000306201872739024	9.96683060842386e-06
1.08356592	8.44918991075059e-05	0.000245967234565325	9.26941582827761e-06	0.000147445711841822	0.000319435832105146	1.00171962401284e-05	0.00013159347321114	0.000290689486775226	9.77679988484492e-06	9.7149779648826e-05	0.000278563099756845	9.73001503545331e-06	0.000137681425910621	0.000297511927048451	9.96252467073929e-06
1.097110494	8.09486700870637e-05	0.000239204898671629	9.26544519065277e-06	0.000145942093092332	0.00031076835562594	1.00151917423663e-05	0.000126718012888621	0.000278881692900809	9.7723586811127e-06	8.94718163398622e-05	0.000269617311183547	9.72516509274374e-06	0.000130301618365565	0.000290149872016862	9.95949332069929e-06
1.110655068	7.9360050387537e-05	0.000231549339873301	9.26083946763348e-06	0.000140302875491066	0.000307393177285732	1.00097639681413e-05	0.000121920757778722	0.000273123064139363	9.76940890879439e-06	8.56797713228156e-05	0.000261565450686202	9.72058672609044e-06	0.000125682711067335	0.000285277599604094	9.95412304798724e-06
1.124199642	7.67064697258611e-05	0.000226236543284018	9.25652875152388e-06	0.000137513487265201	0.000302361085140331	1.00067720643777e-05	0.000117004464930632	0.000263148372279202	9.76492077939906e-06	8.09421299208377e-05	0.000252969866266568	9.71486201449088e-06	0.000118035221571039	0.000278517555563008	9.94869482881636e-06
1.137744216	7.23078310320319e-05	0.000219957907925848	9.25239688701437e-06	0.000131924975265285	0.000294319990839429	1.0002198385707e-05	0.000110514912007019	0.000255553298842822	9.76002900649092e-06	7.737705605949e-05	0.000244717110213916	9.71026638491139e-06	0.000117411799797459	0.000271933091229449	9.94320744456115e-06
1.15128879	6.95572176634417e-05	0.000215548534940329	9.24649256863188e-06	0.000123010425865028	0.000288661573866405	9.99705905352128e-06	0.000104989688194095	0.000247455129054596	9.75621824204165e-06	7.40213412897541e-05	0.000240686171719005	9.70726436326583e-06	0.000112164279297513	0.000265204494438194	9.9393770639156e-06
1.164833364	6.82470122496814e-05	0.000210560239428604	9.24246596365199e-06	0.000117955828406591	0.000280411230064125	9.99225378822428e-06	9.62087927764142e-05	0.000240503365921423	9.75168344202326e-06	7.27190529621567e-05	0.000234627889120873	9.70214706955386e-06	0.000110838985305287	0.00026136547858814	9.93620807955993e-06
1.178377938	6.38991881889956e-05	0.000205103025055158	9.2385032965771e-06	0.000113216477534352	0.000273976107397969	9.98682493621254e-06	9.4085140945182e-05	0.00023487808279788	9.74692594552102e-06	6.96950325809462e-05	0.000228941197638804	9.69558367623149e-06	0.000107946602390144	0.000255160151942573	9.93175047561826e-06
1.191922512	5.85287054448737e-05	0.000199486868610043	9.23387481894725e-06	0.000108032760892783	0.000268016658502451	9.98230703143866e-06	9.01887039124779e-05	0.000230423642828862	9.74218569605378e-06	6.3695251820292e-05	0.000223141365926144	9.69231827567112e-06	9.84194073603519e-05	0.000249369176156628	9.92721909329839e-06
1.205467086	5.51042442556912e-05	0.000191837476084455	9.22974655283511e-06	0.000104365204505723	0.000259554160118593	9.97808144523986e-06	8.6121957953544e-05	0.000223220849926046	9.73801775924456e-06	6.09774995365515e-05	0.000218006920802633	9.68730705509524e-06	9.39243632911111e-05	0.000241058340281362	9.92261966449992e-06
1.21901166	5.30082751999307e-05	0.000187646740307872	9.22604232438438e-06	0.000101089323470206	0.000254806019322599	9.97393343084503e-06	8.20536629654685e-05	0.000218378845696869	9.73393252516362e-06	5.69536568695208e-05	0.000212911867589525	9.68286744364656e-06	8.84528039933727e-05	0.000234665673691409	9.9185984334673e-06
1.232556234	5.08449549906039e-05	0.000183045595872095	9.22228297073238e-06	9.44683958959645e-05	0.000251247787478045	9.96808488460767e-06	7.85524855390521e-05	0.000213743916932083	9.73103157177654e-06	5.47620301992776e-05	0.000205024323933359	9.67748404739146e-06	8.43292873345022e-05	0.000227996778988165	9.91227841665767e-06
1.246100808	4.79577718524656e-05	0.000177958701081084	9.21854523373123e-06	9.11115346666247e-05	0.00024425659831465	9.96299848614213e-06	7.65903111528238e-05	0.000205968002791273	9.72712195922941e-06	5.24248275620318e-05	0.000199565800077224	9.67376344036063e-06	8.1049629718867e-05	0.000220678050646721	9.90717823802304e-06
1.259645382	4.57692987022976e-05	0.000172159256791676	9.21319408546813e-06	8.69391032085584e-05	0.000238984468660983	9.95817252790324e-06	7.28623136993647e-05	0.000199472228818822	9.72233549624166e-06	4.88742725916726e-05	0.000195830013670553	9.66945441134724e-06	7.86080127467905e-05	0.000212214066838276	9.90100285995692e-06
1.273189956	4.45953980981521e-05	0.000166295944503395	9.2099574869058e-06	8.41449772033582e-05	0.00023400763941461	9.9527806934913e-06	7.05727514143461e-05	0.000193823122352935	9.71827742449164e-06	4.63784621316625e-05	0.000190662507187503	9.66432045814522e-06	7.51454307287783e-05	0.000206579220838458	9.89597995899649e-06
1.28673453	4.20320860109999e-05	0.000161129027700247	9.20629173301145e-06	7.8004773100313e-05	0.000228378113722992	9.9475398738992e-06	6.76094895592673e-05	0.000188652083065094	9.71355410925953e-06	4.48747930993265e-05	0.000185158679282448	9.66116645494766e-06	7.37957855558228e-05	0.000201510495137698	9.8886603042567e-06
1.300279104	4.06630995205155e-05	0.000157316964112968	9.20268359790087e-06	7.69923341062488e-05	0.000224027238324727	9.94296340152623e-06	6.51243629847845e-05	0.000182193497838912	9.71108297478391e-06	4.3527329720978e-05	0.000181509072053802	9.6562817040129e-06	6.9869691185975e-05	0.000196686547637622	9.88353518350634e-06
1.313823678	3.84394058996961e-05	0.000153873721281168	9.19854486054564e-06	7.39426672059727e-05	0.000218213586115849	9.93868235414196e-06	6.25151161968206e-05	0.000178298581988962	9.70730680249091e-06	4.14181619106512e-05	0.000177930435724146	9.65255158909544e-06	6.64999248490557e-05	0.000191062602935377	9.87725026851477e-06
1.327368252	3.64381670173241e-05	0.000150505292001776	9.1943467018241e-06	6.9738319491168e-05	0.000213445968974021	9.93460139079044e-06	6.02600684830924e-05	0.000173269427009741	9.70266810122884e-06	4.01350501211198e-05	0.000172940471999532	9.64693796444998e-06	6.27321954606551e-05	0.000184458260049258	9.87138007704125e-06
1.340912826	3.49556596038352e-05	0.000145991292147999	9.19057821470601e-06	6.69468163806098e-05	0.000207313412786871	9.93005520757234e-06	5.99028240298141e-05	0.000168910742370049	9.69804940278719e-06	3.76058537792318e-05	0.000168755395122015	9.64335239982233e-06	6.13033005701138e-05	0.000179971289142124	9.86661316465462e-06
1.3544574	3.28717217712164e-05	0.000142463761565916	9.18716079458343e-06	6.31764829412227e-05	0.000203828624899834	9.92719445810454e-06	5.72502116202762e-05	0.000165791486515951	9.69501304896669e-06	3.61679927690205e-05	0.000163892918439781	9.64047616282122e-06	5.83789241214771e-05	0.000176530223442477	9.85933400952565e-06
1.368001974	3.10088563046019e-05	0.000140013731668302	9.18366486913398e-06	6.11487321516935e-05	0.000199276969795096	9.92279644405927e-06	5.40946538281329e-05	0.000161920397517434	9.69159593381043e-06	3.37906003383946e-05	0.000160132225454222	9.63490734564575e-06	5.6741184053348e-05	0.000173367223002524	9.85448227796871e-06
1.381546548	2.92164965737924e-05	0.000137910877090124	9.17963093423511e-06	5.79058792965357e-05	0.000194666265831455	9.91970764405734e-06	5.23740070206601e-05	0.00015709631151728	9.68721926384105e-06	3.2578368157727e-05	0.000155626851439667	9.62965327581937e-06	5.3718051656901e-05	0.000169576426137848	9.84963399835914e-06
1.395091122	2.73101772469023e-05	0.000134123154868598	9.17552485538735e-06	5.66174993451974e-05	0.000190692241995651	9.91509931306562e-06	5.10321478768205e-05	0.000153449025093243	9.68337187281359e-06	3.15361410080552e-05	0.000152616789354902	9.62513868458794e-06	5.23613861824341e-05	0.000164098094407655	9.84624917071136e-06
1.408635696	2.65154679553041e-05	0.000130686189762447	9.17181533106327e-06	5.44181795987165e-05	0.000185336221694746	9.91057323546441e-06	4.96893347019692e-05	0.000150242795002064	9.68081554917209e-06	3.04028763134695e-05	0.000148492345120398	9.62058284992762e-06	5.11268671233525e-05	0.000159540059535528	9.84211819181389e-06
1.42218027	2.54924082227822e-05	0.000127533681772131	9.16789331845282e-06	5.26674668848376e-05	0.000183403875083621	9.90742908739389e-06	4.73109885820607e-05	0.000146785250543202	9.67725531297356e-06	2.87250930145141e-05	0.000144726005754698	9.61573524186285e-06	4.88164429217726e-05	0.000155016386073933	9.83734684944495e-06
1.435724844	2.46907256290337e-05	0.000124455450226511	9.16388753264047e-06	5.10705928656932e-05	0.00017931607776564	9.90269009071372e-06	4.57578725792541e-05	0.000144173771184192	9.67313534747221e-06	2.74849104616554e-05	0.000141198605582704	9.61059077316348e-06	4.65994321187774e-05	0.000151457854422246	9.83247910399994e-06
1.449269418	2.3217102067953e-05	0.000120811996401014	9.16003144346153e-06	4.84267689129337e-05	0.000175276421056108	9.89932913930702e-06	4.38092978443594e-05	0.00014094246629884	9.66867917102392e-06	2.6000598011387e-05	0.000137578646053623	9.60522317560282e-06	4.43160614445537e-05	0.000147163564262587	9.82976581271193e-06
1.462813992	2.21062302328729e-05	0.000118325568390035	9.15551081531262e-06	4.69079157937847e-05	0.000172483563853816	9.89411626393994e-06	4.25707570907432e-05	0.00013772095757796	9.66447846299792e-06	2.50184039606538e-05	0.000133570155641834	9.60081247788223e-06	4.2939240338335e-05	0.000143491535773238	9.82551596126078e-06
1.476358566	2.1132898061192e-05	0.000114968777892203	9.15140995141417e-06	4.44342877759011e-05	0.000168979416965362	9.88974030181686e-06	4.02598873648539e-05	0.000134937184890981	9.66051797478444e-06	2.35036428352599e-05	0.000129989294468108	9.5965666761977e-06	4.09548162001608e-05	0.000140371968624323	9.81963489015845e-06
1.48990314	2.10077099268414e-05	0.00011126539186308	9.14729727775123e-06	4.37233553546756e-05	0.000166413564249546	9.88509936382695e-06	3.92368683692704e-05	0.000132505737537259	9.65615311419359e-06	2.24620711701747e-05	0.000126638986740246	9.59351687600414e-06	4.03674292040578e-05	0.000137914453137305	9.81687912596126e-06
1.503447714	1.97776219484443e-05	0.000107534631277283	9.14354820739409e-06	4.15025781867904e-05	0.000163444209175389	9.88068126859611e-06	3.78691880641799e-05	0.000130449344506711	9.6522235135186e-06	2.14198114254171e-05	0.000123264889391042	9.5889310569669e-06	3.85574747861286e-05	0.000135021989184796	9.81212827301387e-06
1.516992288	1.8932044398119e-05	0.000105017022520124	9.14027969474725e-06	4.03221349936911e-05	0.000157539055911152	9.87437627072725e-06	3.66019546647059e-05	0.000127466056373672	9.64804747697501e-06	2.1014381119856e-05	0.000119344289630592	9.5839498027321e-06	3.70555145179574e-05	0.000131228752417899	9.80590315894002e-06
1.530536862	1.82744024027976e-05	0.00010252523213831	9.13589372734741e-06	3.85226990644682e-05	0.000156210435246899	9.86937848209728e-06	3.49776213104045e-05	0.000125290442352826	9.64398347987019e-06	1.97991756764183e-05	0.000116660442756004	9.57964350165687e-06	3.64143461980277e-05	0.00012716867607975	9.80077141807417e-06
1.544081436	1.70208847680178e-05	9.91188139254457e-05	9.13214664776751e-06	3.60691391432221e-05	0.000152301157633411	9.86518368732248e-06	3.29082166830943e-05	0.00012157956450057	9.63987878279098e-06	1.86368247087883e-05	0.000113601370094668	9.57465367055178e-06	3.46848191205723e-05	0.000123470672564915	9.79635972497806e-06
1.55762601	1.61534733042958e-05	9.69054728161508e-05	9.12852262716212e-06	3.47109823991284e-05	0.000149934295642888	9.86026958004912e-06	3.12090356248438e-05	0.000119378155027841	9.63637822851341e-06	1.77057949953091e-05	0.00011220318487162	9.57052129369509e-06	3.29914111299093e-05	0.000120098556458786	9.79179353441607e-06
1.571170584	1.52770209588388e-05	9.54000261404487e-05	9.12565267479849e-06	3.38039068158744e-05	0.000146387356752543	9.85549802025364e-06	3.04389837005444e-05	0.000116015039955406	9.63191996993887e-06	1.68838957967046e-05	0.000108822417895717	9.56663214096784e-06	3.06194474177193e-05	0.000116503370526925	9.78618073309863e-06
1.584715158	1.44188744153673e-05	9.34304583793178e-05	9.12117045328441e-06	3.23804349218304e-05	0.000144214766118308	9.85095658010696e-06	2.86151828400975e-05	0.000113886838288218	9.62813373875745e-06	1.60030066991626e-05	0.000105686961805484	9.56331686269659e-06	3.02064430060688e-05	0.00011452843135661	9.78279340599918e-06
1.598259732	1.40642370727471e-05	9.06662574304142e-05	9.11792642757003e-06	3.11763420238017e-05	0.000139696320127174	9.84622009819197e-06	2.78947392849282e-05	0.000111375633580677	9.62410487298529e-06	1.53242571915115e-05	0.000103929391122916	9.55864330464729e-06	2.88766521797148e-05	0.000112107743582346	9.77800357417254e-06
1.611804306	1.35891233461585e-05	8.82480990152594e-05	9.11500978653782e-06	3.01635864825097e-05	0.00013717415377522	9.84240816331835e-06	2.65785169233061e-05	0.000107914767016881	9.61949790334825e-06	1.45024730214129e-05	0.000101515076187929	9.55512904398467e-06	2.71239691521534e-05	0.000108903906241599	9.77553693391366e-06
1.62534888	1.27477190415249e-05	8.63425395263209e-05	9.11150418623625e-06	2.93744276462186e-05	0.000133656291085878	9.83820085032571e-06	2.55966557912908e-05	0.000105492251270488	9.61540445489851e-06	1.34585253077137e-05	9.98616393397397e-05	9.55043252382019e-06	2.67474942324413e-05	0.0001075648736173	9.7716328513392e-06
1.638893454	1.22226096774023e-05	8.42190514365351e-05	9.10717407010256e-06	2.8575577077878e-05	0.000130850861279903	9.83350142205879e-06	2.41729028655133e-05	0.000103135904956413	9.61273870686785e-06	1.31168038757146e-05	9.70473746560299e-05	9.54651617768858e-06	2.51222686329727e-05	0.000105325508183032	9.7669917216927e-06
1.652438028	1.15172342260953e-05	8.0865240907729e-05	9.10364355535598e-06	2.75921777187924e-05	0.00012841903729697	9.82813386082573e-06	2.31695188548314e-05	0.000100244284649567	9.60947865415508e-06	1.2444569757515e-05	9.42605721624482e-05	9.54136949007552e-06	2.40787301066889e-05	0.000102971164680271	9.76228479150503e-06
1.665982602	1.08060890408903e-05	7.9484861674288e-05	9.09993567384769e-06	2.67875811622076e-05	0.000126123436234679	9.82379582632228e-06	2.21380269219431e-05	9.74932730200279e-05	9.60531452898699e-06	1.21792807236757e-05	9.22797446132127e-05	9.53705349018151e-06	2.34579403931663e-05	0.000101365747776084	9.75810034221523e-06
1.679527176	1.0529705234497e-05	7.77219955093383e-05	9.0973065385727e-06	2.58355832831217e-05	0.00012314903738926	9.81914873075649e-06	2.11793607293671e-05	9.55702267156027e-05	9.60063882763954e-06	1.17021584148734e-05	9.02136569376759e-05	9.53257073142818e-06	2.16321057761203e-05	9.94688056446811e-05	9.75345846097148e-06
1.69307175	1.01453519395277e-05	7.56675838778112e-05	9.09355902722173e-06	2.52836031278768e-05	0.000121217695616206	9.81495523691249e-06	2.02926661009453e-05	9.36765061598627e-05	9.59750860369524e-06	1.12413161000056e-05	8.7953415875265e-05	9.52759484043066e-06	2.13085230413111e-05	9.71498539025046e-05	9.74805391793334e-06
1.706616324	9.75986921488797e-06	7.42723797049459e-05	9.08974010463034e-06	2.47881063721541e-05	0.000118451412936968	9.8106599136401e-06	1.96737048486028e-05	9.1116967751295e-05	9.59312024750962e-06	1.08922838512807e-05	8.59172137158035e-05	9.52435721135881e-06	2.01607417300608e-05	9.48252596077337e-05	9.74374821875963e-06
1.720160898	9.35227034689989e-06	7.29804393365359e-05	9.08620365258198e-06	2.39122443349512e-05	0.000115510225110289	9.80651300507102e-06	1.89421145129414e-05	8.87720501947666e-05	9.5900644187461e-06	1.05825473706615e-05	8.42754855231308e-05	9.51944436581595e-06	1.94856315524815e-05	9.26958291642408e-05	9.74000264261701e-06
1.733705472	9.02661849352935e-06	7.05869224596893e-05	9.08287756530301e-06	2.34763388150719e-05	0.000112356987817664	9.80333092092445e-06	1.85620706682829e-05	8.69811094853333e-05	9.58615652017158e-06	9.78658544443037e-06	8.24509268699496e-05	9.51585933866038e-06	1.88859497615607e-05	8.96694424452895e-05	9.7361446458301e-06
1.747250046	8.5956182659554e-06	6.85881229551294e-05	9.07870424535569e-06	2.29339262288366e-05	0.000109400539649895	9.79809855982548e-06	1.73621554032343e-05	8.52505294519674e-05	9.58222272656206e-06	9.44009992864592e-06	7.97684559398103e-05	9.51115089892921e-06	1.81050708379599e-05	8.83382069103231e-05	9.73104858325441e-06
1.76079462	8.21976621963558e-06	6.69721829385855e-05	9.07494788365869e-06	2.12789584567166e-05	0.000107531649230646	9.79340080447466e-06	1.70052643208996e-05	8.35740322944761e-05	9.57985921492452e-06	9.13865831992826e-06	7.76808881014397e-05	9.50662698980847e-06	1.78920646856284e-05	8.64604275598513e-05	9.72636057595924e-06
1.774339194	7.77056837387978e-06	6.55711729848124e-05	9.07182942572539e-06	2.09279606899335e-05	0.000104631302445408	9.78905587275805e-06	1.59327363557562e-05	8.23389290245467e-05	9.57500538821638e-06	8.93623573915746e-06	7.58150461291936e-05	9.50308158976308e-06	1.72011647364404e-05	8.41114022911041e-05	9.72122202705704e-06
1.787883768	7.5664948534422e-06	6.37134641943553e-05	9.06861584898048e-06	2.0134768779161e-05	0.000102098550128708	9.78482797706407e-06	1.54215358344863e-05	8.06287400292841e-05	9.57076127642292e-06	8.21583142962565e-06	7.36066898914919e-05	9.49864686555561e-06	1.63306383836783e-05	8.25160849130125e-05	9.71638190800946e-06
1.801428342	7.39639552522712e-06	6.24478168717165e-05	9.06422845517994e-06	1.97936371189019e-05	9.89032133432686e-05	9.78221569418414e-06	1.47229443252217e-05	7.89489578412061e-05	9.56635976701479e-06	7.76645235781065e-06	7.23216339690864e-05	9.49561963052431e-06	1.59714840961847e-05	8.05390805066577e-05	9.71236963993074e-06
1.814972916	7.10198000665215e-06	6.07968331771759e-05	9.06062383466005e-06	1.91644076361624e-05	9.67713669325464e-05	9.77777821222255e-06	1.43440332757414e-05	7.70948359623852e-05	9.56263834370559e-06	7.22810370993082e-06	7.03162321213354e-05	9.49144920827212e-06	1.53532213347071e-05	7.88606663100751e-05	9.70764866960947e-06
1.82851749	6.9365881908525e-06	5.91874843777493e-05	9.0582131368233e-06	1.83194052081037e-05	9.35428193746298e-05	9.7748216800836e-06	1.36935924648774e-05	7.59218323144816e-05	9.56061973183862e-06	6.97001389997404e-06	6.90086732696905e-05	9.48663081552625e-06	1.46052602861887e-05	7.66480080542575e-05	9.70281355709208e-06
1.842062064	6.67867410233434e-06	5.76719569991415e-05	9.05467706523713e-06	1.74661686916861e-05	9.15174235729799e-05	9.77069675245485e-06	1.29457601378473e-05	7.41259902165538e-05	9.55656493625775e-06	6.69327667291944e-06	6.69609864756223e-05	9.48333306066879e-06	1.42052062363258e-05	7.49027364384237e-05	9.69887853871551e-06
1.855606638	6.18188810917991e-06	5.66073293296786e-05	9.05126728925593e-06	1.6806437620655e-05	8.95664760511081e-05	9.76682127138466e-06	1.22335796179598e-05	7.23736366391926e-05	9.55230646024623e-06	6.42921898549302e-06	6.55695970244907e-05	9.47881135500753e-06	1.38772342381267e-05	7.26315842564687e-05	9.69458607592821e-06
1.869151212	6.05482918070931e-06	5.56454960601197e-05	9.0465787628492e-06	1.64880632990377e-05	8.8401085040885e-05	9.7632697835713e-06	1.16071306989119e-05	7.09280218809794e-05	9.54889160734089e-06	6.13255086340224e-06	6.43923087487892e-05	9.47614653433236e-06	1.39681002565907e-05	7.10634033476017e-05	9.69022187152469e-06
1.882695786	5.87925943228766e-06	5.42925715403174e-05	9.04267375746113e-06	1.58675818715722e-05	8.67145649170826e-05	9.75957145225182e-06	1.12010529965139e-05	6.92856906652851e-05	9.54346659408259e-06	5.99133126720191e-06	6.31671333789204e-05	9.47113165823722e-06	1.27643397053899e-05	6.94125928627586e-05	9.68637572280736e-06
1.89624036	5.3011200473939e-06	5.30070698592747e-05	9.03939132555413e-06	1.53869362793218e-05	8.5334431543357e-05	9.75333676483342e-06	1.08622543601291e-05	6.73008000402506e-05	9.53986937595214e-06	5.6002474817378e-06	6.07732200940148e-05	9.4668934937508e-06	1.27182344396007e-05	6.73188052067466e-05	9.68178846892865e-06
1.909784934	5.21209542806218e-06	5.1728968054755e-05	9.03576400924383e-06	1.48986942138506e-05	8.36259033040437e-05	9.74774982387025e-06	1.03976738666682e-05	6.56048555598622e-05	9.53585039284834e-06	5.21784507045224e-06	5.92676040828134e-05	9.46425748955555e-06	1.20228497040256e-05	6.57020521153739e-05	9.67730058006479e-06
1.923329508	4.84375665971006e-06	5.07746773809883e-05	9.03208088213053e-06	1.43178865748037e-05	8.22806178611494e-05	9.74326390692223e-06	9.84624326451793e-06	6.41531253053019e-05	9.53215067533506e-06	5.03744422458086e-06	5.76078615653235e-05	9.45977608519904e-06	1.17114397227083e-05	6.4211127033808e-05	9.6724968035789e-06
1.936874082	4.59242788363801e-06	4.99107385610796e-05	9.02990486664829e-06	1.36322767764575e-05	8.08523162369495e-05	9.73842438645304e-06	9.43909823319531e-06	6.24327515931007e-05	9.52868211315066e-06	4.74036071549903e-06	5.64206858374533e-05	9.45544603755485e-06	1.11280770995947e-05	6.30752809284188e-05	9.66817782696159e-06
1.950418656	4.36576892337116e-06	4.82479578661668e-05	9.02651076341258e-06	1.27395492919717e-05	7.90540248345939e-05	9.73382530475453e-06	9.0013149807102e-06	6.11629856359759e-05	9.52333419171555e-06	4.54869975731759e-06	5.53444332456679e-05	9.45123187224681e-06	1.04637812981184e-05	6.1417094341053e-05	9.66425865996988e-06
1.96396323	4.28775477579467e-06	4.71847457789688e-05	9.02365273631844e-06	1.23068449739501e-05	7.78743220206677e-05	9.73010295321928e-06	8.61501964405258e-06	5.95829534109865e-05	9.51913895484201e-06	4.38900107714555e-06	5.34253179322144e-05	9.44698630637361e-06	1.03074204207478e-05	5.99519941506865e-05	9.65971576303347e-06
1.977507804	4.0361114735018e-06	4.63131004009007e-05	9.02127158511035e-06	1.17973166089327e-05	7.6441431949864e-05	9.72589357656465e-06	8.24462574787615e-06	5.82338900359266e-05	9.51596404919426e-06	4.13993138524822e-06	5.16680194297439e-05	9.44221183840048e-06	9.87407066068684e-06	5.88734668875146e-05	9.65289064641066e-06
1.991052378	3.9352352679069e-06	4.61822844291111e-05	9.02006393749976e-06	1.15945572021291e-05	7.6021540666875e-05	9.72416871855364e-06	8.08401093880889e-06	5.79736371590085e-05	9.51490963354871e-06	4.12442501017972e-06	5.13026223692153e-05	9.44079426047273e-06	9.72607824498462e-06	5.85769856800122e-05	9.6514384798896e-06
