t	POCSmin	rNBKmin	NBKmin	POCSmax	rNBKmax	NBKmax	POCSmedian	rNBKmedian	NBKmedian	POCSquant25	rNBKquant25	NBKquant25	POCSquant75	rNBKquant75	NBKquant75
0.629903591	1.47677353256573	1.15180183091517	9.19718461829104	1.47677353256573	1.15180183091517	9.19718461829104	1.47677353256573	1.15180183091517	9.19718461829104	1.47677353256573	1.15180183091517	9.19718461829104	1.47677353256573	1.15180183091517	9.19718461829104
1.259807182	0.491649242008025	0.729365298029693	7.1595698178066	0.491649242008025	0.729365298029693	7.1595698178066	0.491649242008025	0.729365298029693	7.1595698178066	0.491649242008025	0.729365298029693	7.1595698178066	0.491649242008025	0.729365298029693	7.1595698178066
1.889710773	0.230031280969526	0.562169718453365	4.30968298925279	0.230031280969526	0.562169718453365	4.30968298925279	0.230031280969526	0.562169718453365	4.30968298925279	0.230031280969526	0.562169718453365	4.30968298925279	0.230031280969526	0.562169718453365	4.30968298925279
2.519614364	0.139997838718485	0.451660442336388	3.25985504194788	0.139997838718485	0.451660442336388	3.25985504194788	0.139997838718485	0.451660442336388	3.25985504194788	0.139997838718485	0.451660442336388	3.25985504194788	0.139997838718485	0.451660442336388	3.25985504194788
3.149517955	0.0794127828086252	0.376704832708829	2.19375424585752	0.0794127828086252	0.376704832708829	2.19375424585752	0.0794127828086252	0.376704832708829	2.19375424585752	0.0794127828086252	0.376704832708829	2.19375424585752	0.0794127828086252	0.376704832708829	2.19375424585752
3.779421546	0.0499430365835156	0.327149936872053	2.1887369013295	0.0499430365835156	0.327149936872053	2.1887369013295	0.0499430365835156	0.327149936872053	2.1887369013295	0.0499430365835156	0.327149936872053	2.1887369013295	0.0499430365835156	0.327149936872053	2.1887369013295
4.409325137	0.0340450689011681	0.286124304468465	2.01057820916449	0.0340450689011681	0.286124304468465	2.01057820916449	0.0340450689011681	0.286124304468465	2.01057820916449	0.0340450689011681	0.286124304468465	2.01057820916449	0.0340450689011681	0.286124304468465	2.01057820916449
5.039228728	0.0240125648459313	0.257489784449809	1.57134769848112	0.0240125648459313	0.257489784449809	1.57134769848112	0.0240125648459313	0.257489784449809	1.57134769848112	0.0240125648459313	0.257489784449809	1.57134769848112	0.0240125648459313	0.257489784449809	1.57134769848112
5.669132319	0.0181035584803449	0.235828745448512	1.29091937923563	0.0181035584803449	0.235828745448512	1.29091937923563	0.0181035584803449	0.235828745448512	1.29091937923563	0.0181035584803449	0.235828745448512	1.29091937923563	0.0181035584803449	0.235828745448512	1.29091937923563
6.29903591	0.0144639165696584	0.221772678944351	1.17219330020712	0.0144639165696584	0.221772678944351	1.17219330020712	0.0144639165696584	0.221772678944351	1.17219330020712	0.0144639165696584	0.221772678944351	1.17219330020712	0.0144639165696584	0.221772678944351	1.17219330020712
6.928939501	0.010845660533162	0.212220182298426	1.18326751272591	0.010845660533162	0.212220182298426	1.18326751272591	0.010845660533162	0.212220182298426	1.18326751272591	0.010845660533162	0.212220182298426	1.18326751272591	0.010845660533162	0.212220182298426	1.18326751272591
7.558843092	0.00782426757564564	0.205215255740917	1.13598350153593	0.00782426757564564	0.205215255740917	1.13598350153593	0.00782426757564564	0.205215255740917	1.13598350153593	0.00782426757564564	0.205215255740917	1.13598350153593	0.00782426757564564	0.205215255740917	1.13598350153593
8.188746683	0.0058879943325555	0.198378413889146	0.93588191171502	0.0058879943325555	0.198378413889146	0.93588191171502	0.0058879943325555	0.198378413889146	0.93588191171502	0.0058879943325555	0.198378413889146	0.93588191171502	0.0058879943325555	0.198378413889146	0.93588191171502
8.818650274	0.00407032902493179	0.191053653776458	0.925343104121274	0.00407032902493179	0.191053653776458	0.925343104121274	0.00407032902493179	0.191053653776458	0.925343104121274	0.00407032902493179	0.191053653776458	0.925343104121274	0.00407032902493179	0.191053653776458	0.925343104121274
9.448553865	0.00297584733140782	0.184619874778134	0.760001165272645	0.00297584733140782	0.184619874778134	0.760001165272645	0.00297584733140782	0.184619874778134	0.760001165272645	0.00297584733140782	0.184619874778134	0.760001165272645	0.00297584733140782	0.184619874778134	0.760001165272645
10.078457456	0.00221931505988807	0.177588039188454	0.816975253534436	0.00221931505988807	0.177588039188454	0.816975253534436	0.00221931505988807	0.177588039188454	0.816975253534436	0.00221931505988807	0.177588039188454	0.816975253534436	0.00221931505988807	0.177588039188454	0.816975253534436
10.708361047	0.00159657247729644	0.169610432694311	0.831060086904309	0.00159657247729644	0.169610432694311	0.831060086904309	0.00159657247729644	0.169610432694311	0.831060086904309	0.00159657247729644	0.169610432694311	0.831060086904309	0.00159657247729644	0.169610432694311	0.831060086904309
11.338264638	0.00121331150131031	0.161873105430971	0.70326220057357	0.00121331150131031	0.161873105430971	0.70326220057357	0.00121331150131031	0.161873105430971	0.70326220057357	0.00121331150131031	0.161873105430971	0.70326220057357	0.00121331150131031	0.161873105430971	0.70326220057357
11.968168229	0.000893449401814079	0.15101084329747	0.655884706129024	0.000893449401814079	0.15101084329747	0.655884706129024	0.000893449401814079	0.15101084329747	0.655884706129024	0.000893449401814079	0.15101084329747	0.655884706129024	0.000893449401814079	0.15101084329747	0.655884706129024
12.59807182	0.000722300094685977	0.142515569114929	0.640033630536924	0.000722300094685977	0.142515569114929	0.640033630536924	0.000722300094685977	0.142515569114929	0.640033630536924	0.000722300094685977	0.142515569114929	0.640033630536924	0.000722300094685977	0.142515569114929	0.640033630536924
13.227975411	0.000529284842473882	0.136576268912011	0.535544982318178	0.000529284842473882	0.136576268912011	0.535544982318178	0.000529284842473882	0.136576268912011	0.535544982318178	0.000529284842473882	0.136576268912011	0.535544982318178	0.000529284842473882	0.136576268912011	0.535544982318178
13.857879002	0.00038253593228975	0.127568413958303	0.54762460521952	0.00038253593228975	0.127568413958303	0.54762460521952	0.00038253593228975	0.127568413958303	0.54762460521952	0.00038253593228975	0.127568413958303	0.54762460521952	0.00038253593228975	0.127568413958303	0.54762460521952
14.487782593	0.000273896119802897	0.118549284484321	0.552975400992355	0.000273896119802897	0.118549284484321	0.552975400992355	0.000273896119802897	0.118549284484321	0.552975400992355	0.000273896119802897	0.118549284484321	0.552975400992355	0.000273896119802897	0.118549284484321	0.552975400992355
15.117686184	0.000193624924726392	0.109019746822578	0.556450639573383	0.000193624924726392	0.109019746822578	0.556450639573383	0.000193624924726392	0.109019746822578	0.556450639573383	0.000193624924726392	0.109019746822578	0.556450639573383	0.000193624924726392	0.109019746822578	0.556450639573383
15.747589775	0.000149893753464323	0.0989460805518318	0.524124941684412	0.000149893753464323	0.0989460805518318	0.524124941684412	0.000149893753464323	0.0989460805518318	0.524124941684412	0.000149893753464323	0.0989460805518318	0.524124941684412	0.000149893753464323	0.0989460805518318	0.524124941684412
16.377493366	0.000110356142532321	0.0885935534571883	0.700069659421207	0.000110356142532321	0.0885935534571883	0.700069659421207	0.000110356142532321	0.0885935534571883	0.700069659421207	0.000110356142532321	0.0885935534571883	0.700069659421207	0.000110356142532321	0.0885935534571883	0.700069659421207
17.007396957	8.01435476484592e-05	0.0793500407911246	0.61455870904702	8.01435476484592e-05	0.0793500407911246	0.61455870904702	8.01435476484592e-05	0.0793500407911246	0.61455870904702	8.01435476484592e-05	0.0793500407911246	0.61455870904702	8.01435476484592e-05	0.0793500407911246	0.61455870904702
17.637300548	5.97236896838035e-05	0.0731313290868051	0.426001114599472	5.97236896838035e-05	0.0731313290868051	0.426001114599472	5.97236896838035e-05	0.0731313290868051	0.426001114599472	5.97236896838035e-05	0.0731313290868051	0.426001114599472	5.97236896838035e-05	0.0731313290868051	0.426001114599472
18.267204139	4.91272004992907e-05	0.067811683479177	0.446632969472031	4.91272004992907e-05	0.067811683479177	0.446632969472031	4.91272004992907e-05	0.067811683479177	0.446632969472031	4.91272004992907e-05	0.067811683479177	0.446632969472031	4.91272004992907e-05	0.067811683479177	0.446632969472031
18.89710773	3.73920119939694e-05	0.0633783403360182	0.395604269756434	3.73920119939694e-05	0.0633783403360182	0.395604269756434	3.73920119939694e-05	0.0633783403360182	0.395604269756434	3.73920119939694e-05	0.0633783403360182	0.395604269756434	3.73920119939694e-05	0.0633783403360182	0.395604269756434
19.527011321	2.69727760551449e-05	0.0594266176225647	0.449196381580148	2.69727760551449e-05	0.0594266176225647	0.449196381580148	2.69727760551449e-05	0.0594266176225647	0.449196381580148	2.69727760551449e-05	0.0594266176225647	0.449196381580148	2.69727760551449e-05	0.0594266176225647	0.449196381580148
20.156914912	1.97013706623573e-05	0.0564856008157983	0.466507698070803	1.97013706623573e-05	0.0564856008157983	0.466507698070803	1.97013706623573e-05	0.0564856008157983	0.466507698070803	1.97013706623573e-05	0.0564856008157983	0.466507698070803	1.97013706623573e-05	0.0564856008157983	0.466507698070803
20.786818503	1.48869547078256e-05	0.0540791136886574	0.384739099070544	1.48869547078256e-05	0.0540791136886574	0.384739099070544	1.48869547078256e-05	0.0540791136886574	0.384739099070544	1.48869547078256e-05	0.0540791136886574	0.384739099070544	1.48869547078256e-05	0.0540791136886574	0.384739099070544
21.416722094	1.10344119879167e-05	0.0518623840938186	0.411323207965756	1.10344119879167e-05	0.0518623840938186	0.411323207965756	1.10344119879167e-05	0.0518623840938186	0.411323207965756	1.10344119879167e-05	0.0518623840938186	0.411323207965756	1.10344119879167e-05	0.0518623840938186	0.411323207965756
22.046625685	8.77582869609419e-06	0.0497364061082715	0.426065237089599	8.77582869609419e-06	0.0497364061082715	0.426065237089599	8.77582869609419e-06	0.0497364061082715	0.426065237089599	8.77582869609419e-06	0.0497364061082715	0.426065237089599	8.77582869609419e-06	0.0497364061082715	0.426065237089599
22.676529276	6.61287808361279e-06	0.0487446303389461	0.458151826160212	6.61287808361279e-06	0.0487446303389461	0.458151826160212	6.61287808361279e-06	0.0487446303389461	0.458151826160212	6.61287808361279e-06	0.0487446303389461	0.458151826160212	6.61287808361279e-06	0.0487446303389461	0.458151826160212
23.306432867	4.19860156373637e-06	0.0477652042034581	0.522170230845034	4.19860156373637e-06	0.0477652042034581	0.522170230845034	4.19860156373637e-06	0.0477652042034581	0.522170230845034	4.19860156373637e-06	0.0477652042034581	0.522170230845034	4.19860156373637e-06	0.0477652042034581	0.522170230845034
23.936336458	3.20639160673609e-06	0.0464940002096413	0.414268886896612	3.20639160673609e-06	0.0464940002096413	0.414268886896612	3.20639160673609e-06	0.0464940002096413	0.414268886896612	3.20639160673609e-06	0.0464940002096413	0.414268886896612	3.20639160673609e-06	0.0464940002096413	0.414268886896612
24.566240049	2.35711835414037e-06	0.0463999804409518	0.616607966875715	2.35711835414037e-06	0.0463999804409518	0.616607966875715	2.35711835414037e-06	0.0463999804409518	0.616607966875715	2.35711835414037e-06	0.0463999804409518	0.616607966875715	2.35711835414037e-06	0.0463999804409518	0.616607966875715
25.19614364	1.76580828058688e-06	0.0457070749755524	0.368166302739648	1.76580828058688e-06	0.0457070749755524	0.368166302739648	1.76580828058688e-06	0.0457070749755524	0.368166302739648	1.76580828058688e-06	0.0457070749755524	0.368166302739648	1.76580828058688e-06	0.0457070749755524	0.368166302739648
25.826047231	1.33462576068691e-06	0.0453481801366305	0.368545166985837	1.33462576068691e-06	0.0453481801366305	0.368545166985837	1.33462576068691e-06	0.0453481801366305	0.368545166985837	1.33462576068691e-06	0.0453481801366305	0.368545166985837	1.33462576068691e-06	0.0453481801366305	0.368545166985837
26.455950822	9.875553977283e-07	0.0452842358560264	0.345333572554407	9.875553977283e-07	0.0452842358560264	0.345333572554407	9.875553977283e-07	0.0452842358560264	0.345333572554407	9.875553977283e-07	0.0452842358560264	0.345333572554407	9.875553977283e-07	0.0452842358560264	0.345333572554407
27.085854413	7.68998359541504e-07	0.045176212703659	0.365165153191759	7.68998359541504e-07	0.045176212703659	0.365165153191759	7.68998359541504e-07	0.045176212703659	0.365165153191759	7.68998359541504e-07	0.045176212703659	0.365165153191759	7.68998359541504e-07	0.045176212703659	0.365165153191759
27.715758004	5.82994558257688e-07	0.0448737610775571	0.425864878425742	5.82994558257688e-07	0.0448737610775571	0.425864878425742	5.82994558257688e-07	0.0448737610775571	0.425864878425742	5.82994558257688e-07	0.0448737610775571	0.425864878425742	5.82994558257688e-07	0.0448737610775571	0.425864878425742
28.345661595	4.30127784004771e-07	0.0449587268940542	0.363770121213306	4.30127784004771e-07	0.0449587268940542	0.363770121213306	4.30127784004771e-07	0.0449587268940542	0.363770121213306	4.30127784004771e-07	0.0449587268940542	0.363770121213306	4.30127784004771e-07	0.0449587268940542	0.363770121213306
28.975565186	3.05313594274113e-07	0.044974173812611	0.442777379064394	3.05313594274113e-07	0.044974173812611	0.442777379064394	3.05313594274113e-07	0.044974173812611	0.442777379064394	3.05313594274113e-07	0.044974173812611	0.442777379064394	3.05313594274113e-07	0.044974173812611	0.442777379064394
29.605468777	2.30712991807819e-07	0.0445467579220323	0.359771108571692	2.30712991807819e-07	0.0445467579220323	0.359771108571692	2.30712991807819e-07	0.0445467579220323	0.359771108571692	2.30712991807819e-07	0.0445467579220323	0.359771108571692	2.30712991807819e-07	0.0445467579220323	0.359771108571692
30.235372368	1.71886875666733e-07	0.0442874382548882	0.3507475094692	1.71886875666733e-07	0.0442874382548882	0.3507475094692	1.71886875666733e-07	0.0442874382548882	0.3507475094692	1.71886875666733e-07	0.0442874382548882	0.3507475094692	1.71886875666733e-07	0.0442874382548882	0.3507475094692
30.865275959	1.33635264018382e-07	0.044281405716287	0.405588150100633	1.33635264018382e-07	0.044281405716287	0.405588150100633	1.33635264018382e-07	0.044281405716287	0.405588150100633	1.33635264018382e-07	0.044281405716287	0.405588150100633	1.33635264018382e-07	0.044281405716287	0.405588150100633
31.49517955	1.11901806329631e-07	0.0440642292764516	0.377521138924547	1.11901806329631e-07	0.0440642292764516	0.377521138924547	1.11901806329631e-07	0.0440642292764516	0.377521138924547	1.11901806329631e-07	0.0440642292764516	0.377521138924547	1.11901806329631e-07	0.0440642292764516	0.377521138924547
32.125083141	8.48481240226368e-08	0.0443156611305054	0.367654156202337	8.48481240226368e-08	0.0443156611305054	0.367654156202337	8.48481240226368e-08	0.0443156611305054	0.367654156202337	8.48481240226368e-08	0.0443156611305054	0.367654156202337	8.48481240226368e-08	0.0443156611305054	0.367654156202337
32.754986732	6.16654236280264e-08	0.0441269255013671	0.372277564785103	6.16654236280264e-08	0.0441269255013671	0.372277564785103	6.16654236280264e-08	0.0441269255013671	0.372277564785103	6.16654236280264e-08	0.0441269255013671	0.372277564785103	6.16654236280264e-08	0.0441269255013671	0.372277564785103
33.384890323	4.63529000769316e-08	0.0439988392653924	0.335222973417029	4.63529000769316e-08	0.0439988392653924	0.335222973417029	4.63529000769316e-08	0.0439988392653924	0.335222973417029	4.63529000769316e-08	0.0439988392653924	0.335222973417029	4.63529000769316e-08	0.0439988392653924	0.335222973417029
34.014793914	3.15736670333354e-08	0.0443188159210453	0.308343431390206	3.15736670333354e-08	0.0443188159210453	0.308343431390206	3.15736670333354e-08	0.0443188159210453	0.308343431390206	3.15736670333354e-08	0.0443188159210453	0.308343431390206	3.15736670333354e-08	0.0443188159210453	0.308343431390206
34.644697505	2.59192215877018e-08	0.0439504940803968	0.365900609500239	2.59192215877018e-08	0.0439504940803968	0.365900609500239	2.59192215877018e-08	0.0439504940803968	0.365900609500239	2.59192215877018e-08	0.0439504940803968	0.365900609500239	2.59192215877018e-08	0.0439504940803968	0.365900609500239
35.274601096	1.96210822290318e-08	0.0439128286586757	0.343013650827797	1.96210822290318e-08	0.0439128286586757	0.343013650827797	1.96210822290318e-08	0.0439128286586757	0.343013650827797	1.96210822290318e-08	0.0439128286586757	0.343013650827797	1.96210822290318e-08	0.0439128286586757	0.343013650827797
35.904504687	1.50353720756183e-08	0.044002583563018	0.364261532388975	1.50353720756183e-08	0.044002583563018	0.364261532388975	1.50353720756183e-08	0.044002583563018	0.364261532388975	1.50353720756183e-08	0.044002583563018	0.364261532388975	1.50353720756183e-08	0.044002583563018	0.364261532388975
36.534408278	1.06974075489129e-08	0.0442870336940832	0.318271489384284	1.06974075489129e-08	0.0442870336940832	0.318271489384284	1.06974075489129e-08	0.0442870336940832	0.318271489384284	1.06974075489129e-08	0.0442870336940832	0.318271489384284	1.06974075489129e-08	0.0442870336940832	0.318271489384284
37.164311869	8.07261265661574e-09	0.0442309883767943	0.375179868518338	8.07261265661574e-09	0.0442309883767943	0.375179868518338	8.07261265661574e-09	0.0442309883767943	0.375179868518338	8.07261265661574e-09	0.0442309883767943	0.375179868518338	8.07261265661574e-09	0.0442309883767943	0.375179868518338
37.79421546	5.78000702420058e-09	0.0437070227817469	0.451613769564401	5.78000702420058e-09	0.0437070227817469	0.451613769564401	5.78000702420058e-09	0.0437070227817469	0.451613769564401	5.78000702420058e-09	0.0437070227817469	0.451613769564401	5.78000702420058e-09	0.0437070227817469	0.451613769564401
38.424119051	4.14044166254509e-09	0.0442672313421543	0.403451028385258	4.14044166254509e-09	0.0442672313421543	0.403451028385258	4.14044166254509e-09	0.0442672313421543	0.403451028385258	4.14044166254509e-09	0.0442672313421543	0.403451028385258	4.14044166254509e-09	0.0442672313421543	0.403451028385258
39.054022642	3.24913323698018e-09	0.0442290464495127	0.278872808267717	3.24913323698018e-09	0.0442290464495127	0.278872808267717	3.24913323698018e-09	0.0442290464495127	0.278872808267717	3.24913323698018e-09	0.0442290464495127	0.278872808267717	3.24913323698018e-09	0.0442290464495127	0.278872808267717
39.683926233	3.24218748011327e-09	0.0443327218234043	0.315359473152035	3.24218748011327e-09	0.0443327218234043	0.315359473152035	3.24218748011327e-09	0.0443327218234043	0.315359473152035	3.24218748011327e-09	0.0443327218234043	0.315359473152035	3.24218748011327e-09	0.0443327218234043	0.315359473152035
