t	POCSmin	rNBKmin	NBKmin	POCSmax	rNBKmax	NBKmax	POCSmedian	rNBKmedian	NBKmedian	POCSquant25	rNBKquant25	NBKquant25	POCSquant75	rNBKquant75	NBKquant75
0.565560799	0.821633171894114	1.73098680142204	9.99517107534241	0.821633171894114	1.73098680142204	9.99517107534241	0.821633171894114	1.73098680142204	9.99517107534241	0.821633171894114	1.73098680142204	9.99517107534241	0.821633171894114	1.73098680142204	9.99517107534241
1.131121598	0.296073545711126	1.02985182897868	1.51429794571036	0.296073545711126	1.02985182897868	1.51429794571036	0.296073545711126	1.02985182897868	1.51429794571036	0.296073545711126	1.02985182897868	1.51429794571036	0.296073545711126	1.02985182897868	1.51429794571036
1.696682397	0.159174635765685	0.740578298863806	0.72366574021378	0.159174635765685	0.740578298863806	0.72366574021378	0.159174635765685	0.740578298863806	0.72366574021378	0.159174635765685	0.740578298863806	0.72366574021378	0.159174635765685	0.740578298863806	0.72366574021378
2.262243196	0.0994688089602568	0.611214847279389	0.463727576724385	0.0994688089602568	0.611214847279389	0.463727576724385	0.0994688089602568	0.611214847279389	0.463727576724385	0.0994688089602568	0.611214847279389	0.463727576724385	0.0994688089602568	0.611214847279389	0.463727576724385
2.827803995	0.0766420550603834	0.521147348465297	0.422248251386782	0.0766420550603834	0.521147348465297	0.422248251386782	0.0766420550603834	0.521147348465297	0.422248251386782	0.0766420550603834	0.521147348465297	0.422248251386782	0.0766420550603834	0.521147348465297	0.422248251386782
3.393364794	0.0653396633154858	0.452852823633888	0.412383186110654	0.0653396633154858	0.452852823633888	0.412383186110654	0.0653396633154858	0.452852823633888	0.412383186110654	0.0653396633154858	0.452852823633888	0.412383186110654	0.0653396633154858	0.452852823633888	0.412383186110654
3.958925593	0.0494584715439121	0.408583318332258	0.235416758010382	0.0494584715439121	0.408583318332258	0.235416758010382	0.0494584715439121	0.408583318332258	0.235416758010382	0.0494584715439121	0.408583318332258	0.235416758010382	0.0494584715439121	0.408583318332258	0.235416758010382
4.524486392	0.0413862945656026	0.359421237318155	0.252297944210593	0.0413862945656026	0.359421237318155	0.252297944210593	0.0413862945656026	0.359421237318155	0.252297944210593	0.0413862945656026	0.359421237318155	0.252297944210593	0.0413862945656026	0.359421237318155	0.252297944210593
5.090047191	0.032230691110007	0.323093078594542	0.139810589332685	0.032230691110007	0.323093078594542	0.139810589332685	0.032230691110007	0.323093078594542	0.139810589332685	0.032230691110007	0.323093078594542	0.139810589332685	0.032230691110007	0.323093078594542	0.139810589332685
5.65560799	0.0276747354023061	0.303076144934752	0.0537393343734073	0.0276747354023061	0.303076144934752	0.0537393343734073	0.0276747354023061	0.303076144934752	0.0537393343734073	0.0276747354023061	0.303076144934752	0.0537393343734073	0.0276747354023061	0.303076144934752	0.0537393343734073
6.221168789	0.0228405307303972	0.288994848600388	0.0196367694101252	0.0228405307303972	0.288994848600388	0.0196367694101252	0.0228405307303972	0.288994848600388	0.0196367694101252	0.0228405307303972	0.288994848600388	0.0196367694101252	0.0228405307303972	0.288994848600388	0.0196367694101252
6.786729588	0.0182627370335473	0.273712255786787	0.0104812087245817	0.0182627370335473	0.273712255786787	0.0104812087245817	0.0182627370335473	0.273712255786787	0.0104812087245817	0.0182627370335473	0.273712255786787	0.0104812087245817	0.0182627370335473	0.273712255786787	0.0104812087245817
7.352290387	0.0146183493263687	0.261297912348628	0.00580625254454354	0.0146183493263687	0.261297912348628	0.00580625254454354	0.0146183493263687	0.261297912348628	0.00580625254454354	0.0146183493263687	0.261297912348628	0.00580625254454354	0.0146183493263687	0.261297912348628	0.00580625254454354
7.917851186	0.0125863659944966	0.250320252695451	0.00382180680794813	0.0125863659944966	0.250320252695451	0.00382180680794813	0.0125863659944966	0.250320252695451	0.00382180680794813	0.0125863659944966	0.250320252695451	0.00382180680794813	0.0125863659944966	0.250320252695451	0.00382180680794813
8.483411985	0.00951487541818858	0.240467804887505	0.00334831533779854	0.00951487541818858	0.240467804887505	0.00334831533779854	0.00951487541818858	0.240467804887505	0.00334831533779854	0.00951487541818858	0.240467804887505	0.00334831533779854	0.00951487541818858	0.240467804887505	0.00334831533779854
9.048972784	0.00767791762974933	0.231749429982091	0.00306270530384198	0.00767791762974933	0.231749429982091	0.00306270530384198	0.00767791762974933	0.231749429982091	0.00306270530384198	0.00767791762974933	0.231749429982091	0.00306270530384198	0.00767791762974933	0.231749429982091	0.00306270530384198
9.614533583	0.00699084658934171	0.217698166813423	0.00183537151099783	0.00699084658934171	0.217698166813423	0.00183537151099783	0.00699084658934171	0.217698166813423	0.00183537151099783	0.00699084658934171	0.217698166813423	0.00183537151099783	0.00699084658934171	0.217698166813423	0.00183537151099783
10.180094382	0.00554344951379905	0.201642676596455	0.001538109175152	0.00554344951379905	0.201642676596455	0.001538109175152	0.00554344951379905	0.201642676596455	0.001538109175152	0.00554344951379905	0.201642676596455	0.001538109175152	0.00554344951379905	0.201642676596455	0.001538109175152
10.745655181	0.0041909542021578	0.186947521900328	0.00134493558100641	0.0041909542021578	0.186947521900328	0.00134493558100641	0.0041909542021578	0.186947521900328	0.00134493558100641	0.0041909542021578	0.186947521900328	0.00134493558100641	0.0041909542021578	0.186947521900328	0.00134493558100641
11.31121598	0.00343342678793183	0.177069923643447	0.00147424128569947	0.00343342678793183	0.177069923643447	0.00147424128569947	0.00343342678793183	0.177069923643447	0.00147424128569947	0.00343342678793183	0.177069923643447	0.00147424128569947	0.00343342678793183	0.177069923643447	0.00147424128569947
11.876776779	0.00283851700430173	0.172114111831799	0.000580822695888504	0.00283851700430173	0.172114111831799	0.000580822695888504	0.00283851700430173	0.172114111831799	0.000580822695888504	0.00283851700430173	0.172114111831799	0.000580822695888504	0.00283851700430173	0.172114111831799	0.000580822695888504
12.442337578	0.00232274586253369	0.17036331300541	0.000512710416107749	0.00232274586253369	0.17036331300541	0.000512710416107749	0.00232274586253369	0.17036331300541	0.000512710416107749	0.00232274586253369	0.17036331300541	0.000512710416107749	0.00232274586253369	0.17036331300541	0.000512710416107749
13.007898377	0.00183636833692103	0.167736125069762	0.00049696916928338	0.00183636833692103	0.167736125069762	0.00049696916928338	0.00183636833692103	0.167736125069762	0.00049696916928338	0.00183636833692103	0.167736125069762	0.00049696916928338	0.00183636833692103	0.167736125069762	0.00049696916928338
13.573459176	0.00147349992302437	0.166775157097559	0.000533722983187081	0.00147349992302437	0.166775157097559	0.000533722983187081	0.00147349992302437	0.166775157097559	0.000533722983187081	0.00147349992302437	0.166775157097559	0.000533722983187081	0.00147349992302437	0.166775157097559	0.000533722983187081
14.139019975	0.00122052085110971	0.165007180436945	0.000314331130150573	0.00122052085110971	0.165007180436945	0.000314331130150573	0.00122052085110971	0.165007180436945	0.000314331130150573	0.00122052085110971	0.165007180436945	0.000314331130150573	0.00122052085110971	0.165007180436945	0.000314331130150573
14.704580774	0.000953871836284969	0.163315962338486	0.000238289676829906	0.000953871836284969	0.163315962338486	0.000238289676829906	0.000953871836284969	0.163315962338486	0.000238289676829906	0.000953871836284969	0.163315962338486	0.000238289676829906	0.000953871836284969	0.163315962338486	0.000238289676829906
15.270141573	0.000786236514086386	0.162136120712412	0.000208904147800675	0.000786236514086386	0.162136120712412	0.000208904147800675	0.000786236514086386	0.162136120712412	0.000208904147800675	0.000786236514086386	0.162136120712412	0.000208904147800675	0.000786236514086386	0.162136120712412	0.000208904147800675
15.835702372	0.000666083065577325	0.161177940792951	0.000137889667154441	0.000666083065577325	0.161177940792951	0.000137889667154441	0.000666083065577325	0.161177940792951	0.000137889667154441	0.000666083065577325	0.161177940792951	0.000137889667154441	0.000666083065577325	0.161177940792951	0.000137889667154441
16.401263171	0.000536235656209604	0.158330219780351	0.000142470110970532	0.000536235656209604	0.158330219780351	0.000142470110970532	0.000536235656209604	0.158330219780351	0.000142470110970532	0.000536235656209604	0.158330219780351	0.000142470110970532	0.000536235656209604	0.158330219780351	0.000142470110970532
16.96682397	0.00042912304761048	0.154994070292192	0.000101892932445029	0.00042912304761048	0.154994070292192	0.000101892932445029	0.00042912304761048	0.154994070292192	0.000101892932445029	0.00042912304761048	0.154994070292192	0.000101892932445029	0.00042912304761048	0.154994070292192	0.000101892932445029
17.532384769	0.000353827739420838	0.15161745374656	0.000122995698100147	0.000353827739420838	0.15161745374656	0.000122995698100147	0.000353827739420838	0.15161745374656	0.000122995698100147	0.000353827739420838	0.15161745374656	0.000122995698100147	0.000353827739420838	0.15161745374656	0.000122995698100147
18.097945568	0.000277306400902707	0.145293904233723	6.87717302718763e-05	0.000277306400902707	0.145293904233723	6.87717302718763e-05	0.000277306400902707	0.145293904233723	6.87717302718763e-05	0.000277306400902707	0.145293904233723	6.87717302718763e-05	0.000277306400902707	0.145293904233723	6.87717302718763e-05
18.663506367	0.000241462841683544	0.140150135700842	4.67172049352168e-05	0.000241462841683544	0.140150135700842	4.67172049352168e-05	0.000241462841683544	0.140150135700842	4.67172049352168e-05	0.000241462841683544	0.140150135700842	4.67172049352168e-05	0.000241462841683544	0.140150135700842	4.67172049352168e-05
19.229067166	0.000192242316317379	0.130892724644301	4.17309068759514e-05	0.000192242316317379	0.130892724644301	4.17309068759514e-05	0.000192242316317379	0.130892724644301	4.17309068759514e-05	0.000192242316317379	0.130892724644301	4.17309068759514e-05	0.000192242316317379	0.130892724644301	4.17309068759514e-05
19.794627965	0.000151762163063095	0.123690368005941	2.95489184634914e-05	0.000151762163063095	0.123690368005941	2.95489184634914e-05	0.000151762163063095	0.123690368005941	2.95489184634914e-05	0.000151762163063095	0.123690368005941	2.95489184634914e-05	0.000151762163063095	0.123690368005941	2.95489184634914e-05
20.360188764	0.000134790086682784	0.117150265130286	2.63980151684254e-05	0.000134790086682784	0.117150265130286	2.63980151684254e-05	0.000134790086682784	0.117150265130286	2.63980151684254e-05	0.000134790086682784	0.117150265130286	2.63980151684254e-05	0.000134790086682784	0.117150265130286	2.63980151684254e-05
20.925749563	9.55653382710706e-05	0.111834329609711	1.96186840829554e-05	9.55653382710706e-05	0.111834329609711	1.96186840829554e-05	9.55653382710706e-05	0.111834329609711	1.96186840829554e-05	9.55653382710706e-05	0.111834329609711	1.96186840829554e-05	9.55653382710706e-05	0.111834329609711	1.96186840829554e-05
21.491310362	8.42511112586673e-05	0.108863381779501	1.28813012589194e-05	8.42511112586673e-05	0.108863381779501	1.28813012589194e-05	8.42511112586673e-05	0.108863381779501	1.28813012589194e-05	8.42511112586673e-05	0.108863381779501	1.28813012589194e-05	8.42511112586673e-05	0.108863381779501	1.28813012589194e-05
22.056871161	7.36782123517663e-05	0.107204838201407	9.97335385548731e-06	7.36782123517663e-05	0.107204838201407	9.97335385548731e-06	7.36782123517663e-05	0.107204838201407	9.97335385548731e-06	7.36782123517663e-05	0.107204838201407	9.97335385548731e-06	7.36782123517663e-05	0.107204838201407	9.97335385548731e-06
22.62243196	5.48326687212364e-05	0.105922793515061	1.01759466731205e-05	5.48326687212364e-05	0.105922793515061	1.01759466731205e-05	5.48326687212364e-05	0.105922793515061	1.01759466731205e-05	5.48326687212364e-05	0.105922793515061	1.01759466731205e-05	5.48326687212364e-05	0.105922793515061	1.01759466731205e-05
23.187992759	5.14778679097776e-05	0.103716698837915	8.15743355119929e-06	5.14778679097776e-05	0.103716698837915	8.15743355119929e-06	5.14778679097776e-05	0.103716698837915	8.15743355119929e-06	5.14778679097776e-05	0.103716698837915	8.15743355119929e-06	5.14778679097776e-05	0.103716698837915	8.15743355119929e-06
23.753553558	3.77015990122891e-05	0.102857458481205	6.00722837297918e-06	3.77015990122891e-05	0.102857458481205	6.00722837297918e-06	3.77015990122891e-05	0.102857458481205	6.00722837297918e-06	3.77015990122891e-05	0.102857458481205	6.00722837297918e-06	3.77015990122891e-05	0.102857458481205	6.00722837297918e-06
24.319114357	2.88276171108418e-05	0.102269791094722	4.33774055201499e-06	2.88276171108418e-05	0.102269791094722	4.33774055201499e-06	2.88276171108418e-05	0.102269791094722	4.33774055201499e-06	2.88276171108418e-05	0.102269791094722	4.33774055201499e-06	2.88276171108418e-05	0.102269791094722	4.33774055201499e-06
24.884675156	2.51255800470233e-05	0.101164578216068	3.6523783844671e-06	2.51255800470233e-05	0.101164578216068	3.6523783844671e-06	2.51255800470233e-05	0.101164578216068	3.6523783844671e-06	2.51255800470233e-05	0.101164578216068	3.6523783844671e-06	2.51255800470233e-05	0.101164578216068	3.6523783844671e-06
25.450235955	2.09656894613441e-05	0.101264418805763	4.34670354398999e-06	2.09656894613441e-05	0.101264418805763	4.34670354398999e-06	2.09656894613441e-05	0.101264418805763	4.34670354398999e-06	2.09656894613441e-05	0.101264418805763	4.34670354398999e-06	2.09656894613441e-05	0.101264418805763	4.34670354398999e-06
26.015796754	1.74557877130267e-05	0.100920240709251	2.11443901460722e-06	1.74557877130267e-05	0.100920240709251	2.11443901460722e-06	1.74557877130267e-05	0.100920240709251	2.11443901460722e-06	1.74557877130267e-05	0.100920240709251	2.11443901460722e-06	1.74557877130267e-05	0.100920240709251	2.11443901460722e-06
26.581357553	1.52102474327476e-05	0.101150732846334	1.99236942318903e-06	1.52102474327476e-05	0.101150732846334	1.99236942318903e-06	1.52102474327476e-05	0.101150732846334	1.99236942318903e-06	1.52102474327476e-05	0.101150732846334	1.99236942318903e-06	1.52102474327476e-05	0.101150732846334	1.99236942318903e-06
27.146918352	1.11898814972343e-05	0.100663137577714	2.45454554418577e-06	1.11898814972343e-05	0.100663137577714	2.45454554418577e-06	1.11898814972343e-05	0.100663137577714	2.45454554418577e-06	1.11898814972343e-05	0.100663137577714	2.45454554418577e-06	1.11898814972343e-05	0.100663137577714	2.45454554418577e-06
27.712479151	1.03660696058934e-05	0.100656096950046	7.6159163248913e-07	1.03660696058934e-05	0.100656096950046	7.6159163248913e-07	1.03660696058934e-05	0.100656096950046	7.6159163248913e-07	1.03660696058934e-05	0.100656096950046	7.6159163248913e-07	1.03660696058934e-05	0.100656096950046	7.6159163248913e-07
28.27803995	7.514717488085e-06	0.0998976548695161	5.76550732619247e-07	7.514717488085e-06	0.0998976548695161	5.76550732619247e-07	7.514717488085e-06	0.0998976548695161	5.76550732619247e-07	7.514717488085e-06	0.0998976548695161	5.76550732619247e-07	7.514717488085e-06	0.0998976548695161	5.76550732619247e-07
28.843600749	6.37153351415436e-06	0.0998409731727674	3.99093277472372e-07	6.37153351415436e-06	0.0998409731727674	3.99093277472372e-07	6.37153351415436e-06	0.0998409731727674	3.99093277472372e-07	6.37153351415436e-06	0.0998409731727674	3.99093277472372e-07	6.37153351415436e-06	0.0998409731727674	3.99093277472372e-07
29.409161548	5.47587610082495e-06	0.0997203230223055	3.43204249087551e-07	5.47587610082495e-06	0.0997203230223055	3.43204249087551e-07	5.47587610082495e-06	0.0997203230223055	3.43204249087551e-07	5.47587610082495e-06	0.0997203230223055	3.43204249087551e-07	5.47587610082495e-06	0.0997203230223055	3.43204249087551e-07
29.974722347	4.36583886806056e-06	0.100588592319599	2.32185405903196e-07	4.36583886806056e-06	0.100588592319599	2.32185405903196e-07	4.36583886806056e-06	0.100588592319599	2.32185405903196e-07	4.36583886806056e-06	0.100588592319599	2.32185405903196e-07	4.36583886806056e-06	0.100588592319599	2.32185405903196e-07
30.540283146	3.63208257067611e-06	0.0993996120599949	1.62542720432968e-07	3.63208257067611e-06	0.0993996120599949	1.62542720432968e-07	3.63208257067611e-06	0.0993996120599949	1.62542720432968e-07	3.63208257067611e-06	0.0993996120599949	1.62542720432968e-07	3.63208257067611e-06	0.0993996120599949	1.62542720432968e-07
31.105843945	2.88648945994862e-06	0.0994558784569248	8.98273292678215e-08	2.88648945994862e-06	0.0994558784569248	8.98273292678215e-08	2.88648945994862e-06	0.0994558784569248	8.98273292678215e-08	2.88648945994862e-06	0.0994558784569248	8.98273292678215e-08	2.88648945994862e-06	0.0994558784569248	8.98273292678215e-08
31.671404744	2.38070625582817e-06	0.0993583380284142	6.42061986937156e-08	2.38070625582817e-06	0.0993583380284142	6.42061986937156e-08	2.38070625582817e-06	0.0993583380284142	6.42061986937156e-08	2.38070625582817e-06	0.0993583380284142	6.42061986937156e-08	2.38070625582817e-06	0.0993583380284142	6.42061986937156e-08
32.236965543	1.96197414461227e-06	0.0989443160196443	3.14152308676795e-08	1.96197414461227e-06	0.0989443160196443	3.14152308676795e-08	1.96197414461227e-06	0.0989443160196443	3.14152308676795e-08	1.96197414461227e-06	0.0989443160196443	3.14152308676795e-08	1.96197414461227e-06	0.0989443160196443	3.14152308676795e-08
32.802526342	1.5872066377937e-06	0.099489892005813	2.18970208498992e-08	1.5872066377937e-06	0.099489892005813	2.18970208498992e-08	1.5872066377937e-06	0.099489892005813	2.18970208498992e-08	1.5872066377937e-06	0.099489892005813	2.18970208498992e-08	1.5872066377937e-06	0.099489892005813	2.18970208498992e-08
33.368087141	1.30066133669599e-06	0.0983299454830129	1.47658699340624e-08	1.30066133669599e-06	0.0983299454830129	1.47658699340624e-08	1.30066133669599e-06	0.0983299454830129	1.47658699340624e-08	1.30066133669599e-06	0.0983299454830129	1.47658699340624e-08	1.30066133669599e-06	0.0983299454830129	1.47658699340624e-08
33.93364794	1.10774432304571e-06	0.0983306924526493	1.09509949160252e-08	1.10774432304571e-06	0.0983306924526493	1.09509949160252e-08	1.10774432304571e-06	0.0983306924526493	1.09509949160252e-08	1.10774432304571e-06	0.0983306924526493	1.09509949160252e-08	1.10774432304571e-06	0.0983306924526493	1.09509949160252e-08
34.499208739	9.21001852307507e-07	0.0982960117935407	9.2217844471402e-09	9.21001852307507e-07	0.0982960117935407	9.2217844471402e-09	9.21001852307507e-07	0.0982960117935407	9.2217844471402e-09	9.21001852307507e-07	0.0982960117935407	9.2217844471402e-09	9.21001852307507e-07	0.0982960117935407	9.2217844471402e-09
35.064769538	7.71225690786401e-07	0.0987993193889968	8.59577860087079e-09	7.71225690786401e-07	0.0987993193889968	8.59577860087079e-09	7.71225690786401e-07	0.0987993193889968	8.59577860087079e-09	7.71225690786401e-07	0.0987993193889968	8.59577860087079e-09	7.71225690786401e-07	0.0987993193889968	8.59577860087079e-09
35.630330337	6.13766520285551e-07	0.0979945871216734	8.09855370559201e-09	6.13766520285551e-07	0.0979945871216734	8.09855370559201e-09	6.13766520285551e-07	0.0979945871216734	8.09855370559201e-09	6.13766520285551e-07	0.0979945871216734	8.09855370559201e-09	6.13766520285551e-07	0.0979945871216734	8.09855370559201e-09
36.195891136	5.58552728395512e-07	0.0984570370031367	7.76673896025425e-09	5.58552728395512e-07	0.0984570370031367	7.76673896025425e-09	5.58552728395512e-07	0.0984570370031367	7.76673896025425e-09	5.58552728395512e-07	0.0984570370031367	7.76673896025425e-09	5.58552728395512e-07	0.0984570370031367	7.76673896025425e-09
36.761451935	4.63564073755941e-07	0.0977972207897963	7.38990816454677e-09	4.63564073755941e-07	0.0977972207897963	7.38990816454677e-09	4.63564073755941e-07	0.0977972207897963	7.38990816454677e-09	4.63564073755941e-07	0.0977972207897963	7.38990816454677e-09	4.63564073755941e-07	0.0977972207897963	7.38990816454677e-09
37.327012734	3.84381618288828e-07	0.0987541895920309	7.12175835618942e-09	3.84381618288828e-07	0.0987541895920309	7.12175835618942e-09	3.84381618288828e-07	0.0987541895920309	7.12175835618942e-09	3.84381618288828e-07	0.0987541895920309	7.12175835618942e-09	3.84381618288828e-07	0.0987541895920309	7.12175835618942e-09
37.892573533	2.7053744197548e-07	0.0988563315998997	6.88158314507127e-09	2.7053744197548e-07	0.0988563315998997	6.88158314507127e-09	2.7053744197548e-07	0.0988563315998997	6.88158314507127e-09	2.7053744197548e-07	0.0988563315998997	6.88158314507127e-09	2.7053744197548e-07	0.0988563315998997	6.88158314507127e-09
38.458134332	2.20764383763948e-07	0.0980485794165546	6.65209326474081e-09	2.20764383763948e-07	0.0980485794165546	6.65209326474081e-09	2.20764383763948e-07	0.0980485794165546	6.65209326474081e-09	2.20764383763948e-07	0.0980485794165546	6.65209326474081e-09	2.20764383763948e-07	0.0980485794165546	6.65209326474081e-09
39.023695131	1.85774393330636e-07	0.098938094456719	7.2412757248515e-09	1.85774393330636e-07	0.098938094456719	7.2412757248515e-09	1.85774393330636e-07	0.098938094456719	7.2412757248515e-09	1.85774393330636e-07	0.098938094456719	7.2412757248515e-09	1.85774393330636e-07	0.098938094456719	7.2412757248515e-09
39.58925593	1.71948515683731e-07	0.0982579292284192	6.95698957225393e-09	1.71948515683731e-07	0.0982579292284192	6.95698957225393e-09	1.71948515683731e-07	0.0982579292284192	6.95698957225393e-09	1.71948515683731e-07	0.0982579292284192	6.95698957225393e-09	1.71948515683731e-07	0.0982579292284192	6.95698957225393e-09
