t	POCSmin	rNBKmin	NBKmin	POCSmax	rNBKmax	NBKmax	POCSmedian	rNBKmedian	NBKmedian	POCSquant25	rNBKquant25	NBKquant25	POCSquant75	rNBKquant75	NBKquant75
0.907690833	0.170506440000141	0.216718848963877	0.0840496549816967	0.193466084065221	0.242554586785697	0.10961903682785	0.179615287960499	0.231942595859431	0.0967213626071355	0.177025232982827	0.227401413926556	0.093912992472899	0.182662145401698	0.235226238462632	0.0999477851155976
1.815381666	0.0802869526307197	0.143179240167238	0.0509418743333589	0.0975117976854595	0.165690713254499	0.0666711932955005	0.0874329934946408	0.153457041431747	0.0596453390548457	0.0851052065624456	0.150195547262256	0.0582148506461032	0.0888807896218507	0.156071124270729	0.0623245080411302
2.723072499	0.0564270527406077	0.108316845933214	0.0375138661931167	0.0714401838344423	0.129317543532833	0.0516946056771118	0.0624216703618001	0.119201933015077	0.0444877283286492	0.060286014654764	0.116221601289627	0.0423054027568529	0.0637425922292277	0.123027805404208	0.0464697410481324
3.630763332	0.0441116139531043	0.0922435311853975	0.0282043186717023	0.057551462608331	0.107909225084816	0.0401079593326368	0.0499610213421631	0.100530426294733	0.0340981686204973	0.0478866295947285	0.0972110259030726	0.0326716737317816	0.0509624915630141	0.102167688699942	0.0355885813745129
4.538454165	0.0370519977953317	0.078447765443235	0.024639272421864	0.0488369336498327	0.0918128580403968	0.0347800582759631	0.0421878518500935	0.0868711480332437	0.0291110391817122	0.0410238890353318	0.0840910202517989	0.0281859257864633	0.0434780245397374	0.0884049793048319	0.0309947094596476
5.446144998	0.0316460775069766	0.0690913717488792	0.0212917539931499	0.0450818835435228	0.0848202788038321	0.030504426738351	0.0365196643169128	0.0768740112962562	0.0258229571826424	0.0357449873998855	0.0743696464360096	0.0249680624728688	0.0383789747171357	0.0789401127581646	0.0271833381363738
6.353835831	0.0283520652487351	0.0632630946272283	0.0177094109534656	0.0399223776054032	0.0750506392427553	0.0264977884066055	0.033496180443195	0.0696289859507587	0.0223138715868188	0.0321616454238977	0.0672221729107062	0.0216166030008325	0.0349820671600707	0.0710755994661487	0.0237981280565289
7.261526664	0.0267448043300888	0.057804337154419	0.0160159086985541	0.0357882371418286	0.0689506662328683	0.0243336717553808	0.0307484274753215	0.0634659688959102	0.0201933546434843	0.0294710572827757	0.0619451979769352	0.0195265270172456	0.031940403559487	0.0652320508446886	0.0216112038236952
8.169217497	0.0241203880015325	0.0532183390736499	0.014326312975965	0.0327721795978751	0.063018899764594	0.0229055983028311	0.0283449420977022	0.0588878529379971	0.0182451848171913	0.0271701270470788	0.0571964409909871	0.0178898497519565	0.0296992975515226	0.060618699336299	0.0197350555686805
9.07690833	0.0218221428758901	0.0503531843014854	0.012679931088118	0.0302723777082683	0.0584188967156029	0.021391317123222	0.0262353959812051	0.0549431984768915	0.0168704853676225	0.0254562932251562	0.0533521176162991	0.0162024609776591	0.0276361625580873	0.0564906778352306	0.0183228651057695
9.984599163	0.0203474124216447	0.0469975068239382	0.0116515561584243	0.0281764254805941	0.0557057067186473	0.0200454074639174	0.0242832279106956	0.0515755682289907	0.0156310722434711	0.0235400969354569	0.0500597845831844	0.0150286943844511	0.0256682224549422	0.0530710048601524	0.0167392889319918
10.892289996	0.018763936913694	0.0444390039155147	0.0106544386386268	0.0266224488643762	0.0527984064674454	0.0186536161620431	0.0227935098234452	0.0488760488860151	0.0146338486506253	0.0219576051672699	0.0473906052905551	0.0140322969291657	0.0238862075929797	0.0501405874884176	0.0154276012464623
11.799980829	0.0177582578615361	0.042066450976003	0.00957130647987816	0.025918910431556	0.0500929198850041	0.0181432509271199	0.0213960455616029	0.0462737025703023	0.0136655370281774	0.0205593278322262	0.0451707959748338	0.0129662327081818	0.0225749502524031	0.0474527430062597	0.014459992634097
12.707671662	0.0165788773606715	0.0403145500435216	0.00899902960202746	0.0244700634309356	0.048192781742551	0.0166917074444613	0.0204032103825653	0.0440630171173453	0.0129745464655973	0.0193605820435929	0.0428679686117046	0.0120543373105127	0.0213151096810877	0.0453889281707978	0.013752391204396
13.615362495	0.0157827377493914	0.0383413108688598	0.00835748394875665	0.0233042017450068	0.0461140240829188	0.015799451026479	0.0193165094651837	0.0423035096529429	0.0120800195120873	0.0185264598948222	0.041073627612876	0.0111782508993198	0.0205488994954844	0.0432659210979457	0.0128212855682546
14.523053328	0.0148150584046206	0.0368323665170697	0.00769826920446742	0.0220847725032574	0.0441869583038391	0.0152456217867097	0.0185159197774744	0.0403446466442337	0.0115124477883075	0.0176361033160129	0.0393478354928162	0.0105186760572869	0.0195471663866894	0.0414655005980565	0.0122166042973484
15.430744161	0.0143530412137386	0.0352904959741805	0.0071979990728633	0.0214252139295611	0.0428333041491538	0.0145112855882746	0.0177967095611399	0.0387289736974039	0.0108752858614669	0.0166967654788481	0.0377867635100373	0.00987197806471183	0.0186201184829942	0.0399216435300426	0.0116484848615576
16.338434994	0.0134664912118866	0.0338465141100055	0.00672905656650986	0.0204040258487966	0.0412595693056209	0.0139263285708645	0.0169137316665642	0.0373539056488017	0.0103619971028857	0.0158647479578199	0.0363851868087746	0.00939988580126278	0.0176832618823925	0.0384755616800747	0.0110141104702713
17.246125827	0.0131580595055199	0.0328157364404505	0.00614031875511287	0.0200186969334961	0.0398210875643256	0.0133522472065527	0.0162299081425304	0.0360595048161035	0.00973295703176215	0.015134649459987	0.0349904017236862	0.00887648075698185	0.0168831570475344	0.0372295339471938	0.0104919488620854
18.15381666	0.012463010345942	0.0314799389786641	0.00590181796967888	0.0193517160722337	0.0388205041933184	0.0127546641162617	0.0155549842495552	0.0349319072750191	0.00937469439780787	0.0145001324203363	0.0337586652414192	0.00842031931000443	0.01610625172802	0.0360395015958218	0.00991848072154258
19.061507493	0.0117845500488769	0.0303882570657978	0.00560075321688337	0.0185714621905473	0.0374912550145376	0.011902449644464	0.0150748248134763	0.0338353762261041	0.00896143619744559	0.0138926212021683	0.0327006115858916	0.00808599143851632	0.0155681380815324	0.0349946548671413	0.00943160273987285
19.969198326	0.0112279580370662	0.0295479617541214	0.00510892809034503	0.0180042062258408	0.036422837358411	0.0116315934573681	0.0144792914069688	0.032859620533341	0.00853980372185042	0.0133260936173191	0.0319205690019471	0.00752395382998629	0.0148965561254208	0.0338932808860676	0.00904117138257871
20.876889159	0.0108028671939469	0.0286116567355012	0.00491334235279106	0.0173297588445126	0.0353489396961163	0.0110510273302021	0.0140046071123829	0.0319721929415169	0.00813165427876437	0.0129447624103506	0.0309666739183809	0.00720969607247271	0.0144986719299865	0.0328173938651052	0.0086507458573009
21.784579992	0.0102620123250609	0.0278045204179654	0.00458890290547413	0.0167465269962154	0.0342915790358038	0.0107249671982267	0.0134904132928829	0.0310834118754132	0.00775546519715371	0.0124929384172751	0.0301340838757371	0.00687790123308469	0.0139298482644385	0.0320556336700396	0.00831824257281433
22.692270825	0.00981963129514913	0.0271565701501225	0.00428601539685399	0.0162059502135718	0.0336060929413124	0.0103085952524022	0.013062708396371	0.0302362800683384	0.00743436831040948	0.0120343826170509	0.029285372013486	0.00654075238012418	0.0133770068079807	0.031141722578508	0.00799377054982701
23.599961658	0.00941403277080549	0.0264207756064275	0.0041232607279915	0.0158493496237342	0.0326767968729637	0.00992843042961391	0.0126521602968947	0.0294874240182198	0.00705789865549829	0.0116022650258812	0.0285859075923473	0.00610378664141077	0.0130421493895228	0.0303578406419606	0.00766521389392108
24.507652491	0.0090902541088263	0.0257503103859039	0.00390500615821291	0.0153800233710195	0.031953933708383	0.00974124574946383	0.0123053631642623	0.0287940615685861	0.00676287479177621	0.0112004744608569	0.0279083222985571	0.00580078691665564	0.0125919588473577	0.0297471826378678	0.00752551305181646
25.415343324	0.00865812365794997	0.0249519142553994	0.00360746501295392	0.0150709629060771	0.0312317988121926	0.0096740192051287	0.0118956067114676	0.0281308970257037	0.00645756085812079	0.0107508074955825	0.0272053784967658	0.00558888412163466	0.012310069404191	0.0289832564919701	0.00706442418685055
26.323034157	0.00849420670825543	0.0244590750541711	0.00342653077942896	0.0145778148322159	0.0304898768989303	0.00946397865160644	0.0114786737088568	0.0274589155957945	0.00631170689194467	0.010425506832025	0.0265136672942525	0.00513116233891441	0.0118389718211344	0.0283384347883582	0.00674639390999939
27.23072499	0.00825608643793159	0.0237220113867162	0.00331643679270817	0.0140626757227378	0.0297964175490704	0.00922861951491514	0.0110705402123121	0.026867928494854	0.0059547802459962	0.0101507621244974	0.0259524066008517	0.00492976107112776	0.0115325850593389	0.0277506524970579	0.00651627985882414
28.138415823	0.00792796837416358	0.0230831334999417	0.00304228219621714	0.0137279450912327	0.0292698646691073	0.00902077253414953	0.0107813861150088	0.0262745170695226	0.00579026440469846	0.00982747799413274	0.0253674195384765	0.00463508743269765	0.0112088790210649	0.0270427631875996	0.0061101960470881
29.046106656	0.00769780505418734	0.022639164656863	0.00299699956211108	0.0134360803567473	0.0286310902512851	0.00885105862182193	0.0104615892154474	0.0256654132563487	0.00545406189559637	0.00958146024313251	0.0249004844177922	0.00444980214037457	0.01095142943573	0.0263600029384929	0.00592991353772491
29.953797489	0.00745517987745066	0.0220076519032852	0.00280908299339485	0.0130785429325539	0.0280001482183624	0.008689139193876	0.0101641932200723	0.025240354249553	0.00524490858027477	0.00935610145712046	0.0243933455345601	0.0042231544117209	0.0107029060027154	0.0259210982129371	0.00557445027759124
30.861488322	0.00719700537567444	0.0214938012542699	0.00268082144621903	0.0128091027442875	0.0275690281817766	0.00845921040713629	0.00988891839564545	0.0247223167172365	0.00507998881697231	0.00913487799996343	0.0239770260275803	0.00406741079580301	0.0104331734648214	0.0254197864291559	0.00541674306374219
31.769179155	0.00699836542841339	0.0208238853483088	0.00255428634378384	0.0125766808409243	0.027092581126136	0.00827433854576812	0.0096009981249887	0.0243129122946655	0.00485846685278968	0.00894643464376907	0.0234818286799283	0.00383984411215557	0.0101553596888755	0.0249385093134135	0.00529519178327239
32.676869988	0.0068495117638396	0.0204435283386235	0.00243766136659031	0.012149877139853	0.0264376038196005	0.00800634344713252	0.00942184833116169	0.0238040230214419	0.00461802212692451	0.00867264807432251	0.0229847239255273	0.00368712731308541	0.00989712818159944	0.0245351492592815	0.00498927523993412
33.584560821	0.00659107805914461	0.0200040128602495	0.00230583707575989	0.0118727980485166	0.0260321195050894	0.00764336747756858	0.00914237057234344	0.0233882822595974	0.00446126945518486	0.00846589304382384	0.0226437517565356	0.00349760534254967	0.00959298650872233	0.0241065493151292	0.0048591079164386
34.492251654	0.00647802340274783	0.0195245485030165	0.00225256089443633	0.0115142152901966	0.0255615264568348	0.00742437992128381	0.00894209422968521	0.0229520650395976	0.00429348291842614	0.00827552385554921	0.0222303437751885	0.00342148239164019	0.00932372003416978	0.0237217676709586	0.00466391663863429
35.399942487	0.0064031089320014	0.0190078260727873	0.00212473949253808	0.0112318370655225	0.0251858212188137	0.00732037800752448	0.00863053140332729	0.0225951820271874	0.0041000637955701	0.0078860785529994	0.0218772168761429	0.00322912822402148	0.00908245542996853	0.0232920668319414	0.00452767612928791
36.30763332	0.00617120870689858	0.018739852906927	0.002039139722053	0.0110596930967214	0.0247245991320355	0.0071453839514166	0.00843341225633904	0.022195597556887	0.00399858773544028	0.00776120742924169	0.0214995401398746	0.00313058452922934	0.00880275012174134	0.0229029147214154	0.00433742792442337
37.215324153	0.00596415905549133	0.0182646456206376	0.00198099964855774	0.0108501508668047	0.024331878389831	0.00700311955143392	0.00820679046144476	0.0218147440497381	0.00378001039495633	0.00755005889840244	0.021102155128995	0.00299062468420612	0.00858828198277539	0.0224835850905053	0.00416364721625289
38.123014986	0.00576318911139285	0.0179315758235942	0.00186901234977046	0.0106372391020116	0.0239459628025408	0.00705138029142462	0.00800316591580336	0.0214428422847139	0.00367163660064374	0.00737599653139971	0.020783386728679	0.00288750087577758	0.00839002612235454	0.0221046527735491	0.0040575325667496
39.030705819	0.00569958887932807	0.0178381112941703	0.00183648285145532	0.0104672105510803	0.0238912630425214	0.00684025512366161	0.00789834745064786	0.0213673130543941	0.00363478724776661	0.00724150787073106	0.0207293957673801	0.00284115549111228	0.00826481189967255	0.0220337344633665	0.00403912762717836
