t	POCSmin	rNBKmin	NBKmin	POCSmax	rNBKmax	NBKmax	POCSmedian	rNBKmedian	NBKmedian	POCSquant25	rNBKquant25	NBKquant25	POCSquant75	rNBKquant75	NBKquant75
1	0.00116824613772145	0.00108589689101142	0.000838727142744855	0.00150571530851641	0.00152536515177134	0.00121738668240817	0.00136830236929071	0.00135496695571043	0.000976889232377957	0.00133601269586814	0.00129388099109971	0.000930533683449664	0.00142295224635797	0.00140118070003876	0.00103393545184903
101	0.00116751817167318	0.00108535663331157	0.000624135668435768	0.001504602001743	0.00152450126706722	0.000940631547888375	0.00136737379487937	0.0013541657799742	0.000767006398991069	0.00133500992575674	0.0012929990479822	0.00070619931640831	0.00142185240080254	0.0014003992825329	0.000802000317797154
201	0.00116674264000766	0.00108476424692375	0.000507999897493342	0.00150382478849854	0.00152355840156496	0.000726223646172651	0.00136649191223489	0.00135352745088199	0.000596170651474861	0.00133422422715818	0.0012923091795154	0.000565171539683362	0.00142090919634829	0.00139978115876444	0.000645616812172236
301	0.00116614497796853	0.00108424951799048	0.000375870705817012	0.00150304559287741	0.00152282831252501	0.000625504540566595	0.00136563898703768	0.00135279787480468	0.000488327155140671	0.00133318724756529	0.00129157808035537	0.000461369611351454	0.00141985342803361	0.00139893764500149	0.000521602648867583
401	0.00116527909069177	0.00108375811845243	0.000301356882553617	0.00150196942928426	0.00152191189998371	0.000538724348373279	0.00136471903243557	0.00135194567923763	0.000395988671374656	0.00133235720876784	0.00129087378532111	0.000370511469260926	0.00141914133849423	0.00139822499347178	0.00042961382131103
501	0.00116475083905545	0.00108313361436808	0.000272317904814037	0.00150099172640574	0.00152120224029554	0.000457404856041351	0.00136384422662015	0.00135114375532513	0.000335569212217629	0.00133145528930022	0.00129012734821865	0.000306553048847236	0.00141825908340656	0.00139748554561439	0.00036740881082802
601	0.00116410209971444	0.00108273558226893	0.000211825220317384	0.00149995862578521	0.00152035471683866	0.000421463476697202	0.00136301277094839	0.00135035164292052	0.000290721096307808	0.00133049157196935	0.0012892048920469	0.0002618677885979	0.00141740097429325	0.00139665569466184	0.000312646688103647
701	0.00116330826365702	0.00108226378313745	0.000178623179189066	0.00149924771186281	0.00151943811904092	0.000372075537587048	0.00136217648730886	0.00134950572890593	0.000243632551463001	0.00132962992872722	0.00128851170183404	0.000222581576764397	0.00141632283173632	0.00139592759570207	0.000275350372623043
801	0.00116268209535893	0.00108148890316012	0.000151711451338789	0.0014980721542924	0.00151839847984013	0.000327821972181995	0.00136127259740045	0.00134881371079058	0.000216506167763545	0.00132889375931839	0.00128784539820017	0.000191250312878248	0.00141554712770451	0.00139522831019332	0.000240309023741156
901	0.00116188277705912	0.00108091640744757	0.000131188313463946	0.00149708535403838	0.00151760321446854	0.000272665042189227	0.00136046800781599	0.0013479196945835	0.000182738062020712	0.0013281986344637	0.0012870428538927	0.000165131088007889	0.00141462711927246	0.00139443684248627	0.000200446663622314
1001	0.00116122392040002	0.00108024556565947	0.000118277468540713	0.00149613015115466	0.0015166845012833	0.000259925995506384	0.00135957351256425	0.00134716267319379	0.000162814684022831	0.0013273713761505	0.00128626132591545	0.000145443002406029	0.00141384328808203	0.00139350917652729	0.000180467269853925
1101	0.00116056220722366	0.00107979938775256	9.95197590811966e-05	0.00149508459366135	0.00151556459792092	0.000215703619793499	0.00135873677821639	0.00134649008911749	0.000144944041181562	0.00132639560399082	0.0012854685376057	0.000126715032572169	0.00141286103913984	0.00139275823978256	0.000163840243434598
1201	0.00115985396737381	0.00107911314388565	8.92729349671411e-05	0.00149379077944405	0.00151463715904494	0.000198702300894639	0.00135780083539604	0.00134584987950133	0.000125627211956777	0.00132562856141253	0.00128483826641033	0.000112250222000533	0.0014119187981498	0.00139202163513658	0.000141360038357179
1301	0.00115925370949496	0.00107854882129166	7.70140321760893e-05	0.00149301020545778	0.00151370279621545	0.000193125965659089	0.00135696080935737	0.00134512430652351	0.000114903193742089	0.00132485286755194	0.00128394540471333	0.000100159092574768	0.00141117697476957	0.00139131249875782	0.00012928660321439
1401	0.00115844960431475	0.00107816195903838	6.77943260893187e-05	0.00149225300121026	0.00151283040075014	0.000143355131689132	0.0013561150594396	0.00134440836478808	0.000102186312439451	0.00132385985670734	0.00128333235561178	8.96383469762042e-05	0.0014102784693536	0.00139049789748649	0.000116228091409896
1501	0.00115780655989578	0.00107746194904392	6.23089377604231e-05	0.00149132866428699	0.00151202067914027	0.000135411818667158	0.00135522351001841	0.001343585164282	9.04851812455734e-05	0.00132314068952459	0.00128266368638456	8.21784657366239e-05	0.00140936252547604	0.00138979903691928	0.000105998631553902
1601	0.00115708487561766	0.0010766669798476	5.88166936270155e-05	0.00149046117941767	0.00151116989834315	0.000126890640251479	0.00135438450053951	0.00134286229924199	8.35420282955606e-05	0.00132253453864043	0.00128184235715451	7.64519983907376e-05	0.00140836859824453	0.00138914999109987	9.17651900340037e-05
1701	0.00115627460415729	0.00107620692204272	5.47932702745782e-05	0.00148966785515887	0.00151041545388356	0.000116063958617186	0.00135336537731256	0.00134217804936799	7.51334164306647e-05	0.0013217737973054	0.00128107679190305	6.8429349511697e-05	0.00140736361244574	0.00138848235932854	8.34703240148993e-05
1801	0.00115542573748533	0.00107574050856996	4.81944844199237e-05	0.00148884587283555	0.00150963181253159	9.87394667382813e-05	0.00135250463595893	0.0013413757088738	6.83979144442325e-05	0.00132082109826253	0.00128014888437136	6.22224746724651e-05	0.00140644327805502	0.0013878616244797	7.6126772474846e-05
1901	0.00115476455945469	0.00107495539278277	4.29313598085029e-05	0.00148792531477099	0.00150866494946484	9.06798429785915e-05	0.00135174273258515	0.00134064948477791	6.22749149539217e-05	0.00131991625364456	0.00127928445437187	5.64395688932416e-05	0.00140564815183415	0.00138714737545784	7.13316686307143e-05
2001	0.00115412029599858	0.00107446884175247	3.84619198721945e-05	0.00148707476956853	0.00150754350960442	8.22150340380073e-05	0.00135105335734382	0.001339893855085	5.774250485132e-05	0.00131913257135558	0.00127849898013786	5.14717189878608e-05	0.00140477304702666	0.00138644320661885	6.42342577267786e-05
2101	0.00115337011693945	0.00107395293302515	3.38140226372645e-05	0.00148626999238066	0.00150662700585836	8.28733749190822e-05	0.00135028856444536	0.00133924127912597	5.10588416470794e-05	0.00131824963099442	0.00127761200065256	4.74549603124022e-05	0.00140390576608292	0.00138582137606187	5.79601500302218e-05
2201	0.00115263281251036	0.00107332167139973	3.0568026837628e-05	0.00148524146441848	0.00150576167145534	6.90960754001776e-05	0.00134939400178275	0.00133849332938705	4.91795863215835e-05	0.0013174152041084	0.00127680808148706	4.22496938475605e-05	0.00140300233826134	0.00138507228765346	5.50458459165851e-05
2301	0.00115189296975222	0.00107283921188042	2.88945371647509e-05	0.00148403857659504	0.00150465995133085	6.47987038027997e-05	0.00134850409291436	0.00133778131482002	4.43356307661468e-05	0.00131654453375735	0.00127601014385434	3.83027995214416e-05	0.0014020697381304	0.00138444935536302	5.0725268833048e-05
2401	0.00115120622551914	0.00107243422262684	2.66979639033604e-05	0.00148319061355374	0.00150375883611629	6.27465686391263e-05	0.00134760439221368	0.00133698758858752	4.05223420484581e-05	0.00131575267603615	0.00127537782156691	3.40453496519717e-05	0.00140128527925798	0.00138354941987846	4.78010887766957e-05
2501	0.00115051880981827	0.00107197472746486	2.52725173371221e-05	0.00148247972017792	0.00150276609360637	5.90485138731334e-05	0.00134674238491289	0.00133615823460496	3.75532001734752e-05	0.00131490206157061	0.00127456294492229	3.21823727513023e-05	0.00140039250093932	0.00138290100164124	4.36842060835204e-05
2601	0.00114957609817872	0.00107158540462546	2.41459773738567e-05	0.00148160372678634	0.00150171215114907	4.89397174149275e-05	0.00134588266370247	0.00133559187024551	3.38926393390109e-05	0.00131407059663474	0.00127385915275121	2.90811071141714e-05	0.00139946667735603	0.00138219420586179	4.02498358756719e-05
2701	0.00114905096275635	0.00107102690545008	2.02975936694093e-05	0.00148058239524381	0.00150090849941966	4.56940544330617e-05	0.00134503332616989	0.00133490822505367	3.05567035275191e-05	0.00131318912749954	0.00127318235407953	2.69661107152081e-05	0.00139855014787455	0.00138152332186742	3.66197203321907e-05
2801	0.00114847934652158	0.00107061682387057	1.87413897994775e-05	0.00147981852288346	0.00149959011517915	4.39029668305389e-05	0.00134424541982707	0.00133418504183158	2.81436926166275e-05	0.00131231964658005	0.00127228791528512	2.42630995639967e-05	0.00139754057230871	0.00138082884726769	3.35139699357059e-05
2901	0.00114768972543256	0.00107001344859589	1.69579028495736e-05	0.00147886099640423	0.00149865402636464	4.35416211860861e-05	0.00134326593679275	0.00133337676917912	2.6818137826543e-05	0.00131146503461034	0.00127154425505962	2.22703759209301e-05	0.00139667148161761	0.00138001108426512	3.16669547831717e-05
3001	0.00114701816831807	0.00106940137217737	1.5541834282134e-05	0.00147791677651441	0.00149761574646631	4.22760348368796e-05	0.00134234561399448	0.00133273015242365	2.45164104667666e-05	0.00131065924978928	0.00127081693652107	2.05960350876628e-05	0.00139563077165613	0.00137939669191088	2.92497100719873e-05
3101	0.00114623290093485	0.00106874399255648	1.38631467675906e-05	0.00147684646985193	0.00149668525188573	4.12105406556587e-05	0.00134134852128254	0.00133197313192912	2.33705919647105e-05	0.00130976242001152	0.0012701833546576	2.01128694531575e-05	0.00139491810730549	0.00137871954293358	2.61807163350296e-05
3201	0.00114558919785694	0.00106800916520921	1.2368737365122e-05	0.00147605050183916	0.00149585149361311	4.09936791738341e-05	0.00134049933011215	0.00133128570934714	2.08369864593163e-05	0.00130886973642896	0.0012693694284482	1.82007722301568e-05	0.00139419154607784	0.00137790582866229	2.49082491350548e-05
3301	0.00114489549728779	0.00106720775366543	1.19268256243787e-05	0.00147499325671036	0.0014949658511933	4.02772586496859e-05	0.00133962090194695	0.00133051377045928	1.95976594281444e-05	0.00130800096065807	0.00126859766642944	1.75103421626916e-05	0.00139329680398506	0.00137721041491361	2.31754699987169e-05
3401	0.00114419983883501	0.00106656115190569	1.11480632205067e-05	0.00147395505787762	0.00149416207858965	3.95299497875297e-05	0.00133887975550221	0.00132985610632968	1.86298486776515e-05	0.00130715814304195	0.00126765410376261	1.59970155854122e-05	0.00139237172864815	0.00137649685115327	2.10871431333298e-05
3501	0.00114357165402614	0.00106602188224017	1.03800169931288e-05	0.00147300088918763	0.00149310250698099	3.92843980248847e-05	0.00133808520894716	0.00132905040392032	1.71742249887482e-05	0.00130642194257991	0.00126688779087613	1.45072801128805e-05	0.00139139585162139	0.00137578758027982	1.93452181872402e-05
3601	0.00114282596102142	0.00106542573351332	9.70465447099811e-06	0.0014718978144204	0.00149233131290453	3.90649549056214e-05	0.0013372204511402	0.00132825392658483	1.61706282139758e-05	0.0013056761100154	0.00126612836273077	1.35833619768124e-05	0.00139062054280578	0.00137511383266027	1.81656689959871e-05
3701	0.00114198388783629	0.00106484959545224	9.4524731170822e-06	0.0014710481449658	0.0014916916825623	2.46145992419749e-05	0.00133641430003705	0.00132747445666373	1.45827213019911e-05	0.00130474212804553	0.00126545738063965	1.22587988469316e-05	0.00138972260270008	0.00137442811656773	1.72018431122163e-05
3801	0.00114126331916483	0.00106436614571545	8.478857584058e-06	0.00146983913213057	0.00149055855394571	2.17847388828497e-05	0.00133553657150613	0.00132660902107139	1.34526716196276e-05	0.00130390445330789	0.00126473116366307	1.1576117973372e-05	0.00138886892638029	0.00137368226726919	1.60283444987537e-05
3901	0.00114057879067579	0.00106380584357074	7.61013884862385e-06	0.00146910240718387	0.0014897586996745	2.07710483908721e-05	0.00133471853620068	0.0013258681733423	1.27364044506004e-05	0.00130301104203528	0.00126388295124689	1.08637540751526e-05	0.00138783163849997	0.00137301409014442	1.44568549170021e-05
4001	0.00113988595080934	0.00106332632458175	7.43780440465782e-06	0.00146828473995697	0.00148882665042861	2.03823990682686e-05	0.00133391072307449	0.00132505280639055	1.17624156482861e-05	0.00130213869653033	0.00126327670962891	1.04823534485785e-05	0.0013868398474549	0.00137234318365741	1.3575987300421e-05
4101	0.00113931682957557	0.0010629196896914	6.929753757018e-06	0.00146733710185134	0.00148798928072366	1.68978492021451e-05	0.00133306651790638	0.00132431884085107	1.09312876530006e-05	0.00130131305440785	0.00126246740754041	9.41297633612244e-06	0.0013859671003197	0.00137157982573721	1.28843622524277e-05
4201	0.00113872049457314	0.00106241278813687	6.11117352257682e-06	0.00146647307563804	0.00148701918702338	1.57899472206554e-05	0.00133230652132259	0.00132343236773691	1.03015029413416e-05	0.00130043069585289	0.00126180818930195	8.56345040599033e-06	0.0013853097906377	0.00137075635549686	1.19101606645151e-05
4301	0.00113811395642564	0.00106191639360112	5.83452228654786e-06	0.00146548078494647	0.00148625584787776	1.53913038743233e-05	0.00133144926805567	0.00132266537469623	9.77037031517588e-06	0.00129931821473763	0.00126101423839647	8.12911462813381e-06	0.00138448295220768	0.00137010833951605	1.11854329587061e-05
4401	0.0011375579569812	0.00106114185817193	5.45759127333336e-06	0.00146456063944744	0.00148553117182906	1.37129713608448e-05	0.00133051560622577	0.0013218870413703	8.8441223213641e-06	0.00129835755310023	0.00126021846387596	7.16616744043832e-06	0.00138342383254996	0.0013693273692413	1.07057537092408e-05
4501	0.00113706730998096	0.00106051521608872	5.24665208906813e-06	0.00146344400684633	0.00148449485187124	1.29161082405016e-05	0.00132962889243727	0.00132110601291012	8.10583391448532e-06	0.00129751409844218	0.00125950205927574	6.62786299239655e-06	0.00138247889311725	0.00136868394100377	1.00148892605065e-05
4601	0.00113643691531938	0.00106003756671649	4.45836799197902e-06	0.00146250843315604	0.00148353202227176	1.24624155634542e-05	0.00132890331945282	0.00132032504003455	7.66268179774404e-06	0.00129672632781792	0.00125862945431216	6.26392103467911e-06	0.00138177080752383	0.00136806200822647	9.42176840084057e-06
4701	0.0011357476647409	0.0010595199461286	4.5741744855571e-06	0.0014616823561102	0.00148270183687251	1.16682749168333e-05	0.00132807031266715	0.0013196219199445	7.31177035010162e-06	0.00129594349526414	0.00125793520934797	5.66867796861227e-06	0.00138080393794039	0.00136738026880052	8.93823341967507e-06
4801	0.0011350688036695	0.00105896160713227	4.1529095577468e-06	0.0014608564890234	0.0014818434171947	1.17146853513311e-05	0.0013272709223991	0.00131881712320935	6.96171910545614e-06	0.00129492530161988	0.00125727826417049	5.49311551893496e-06	0.00137981925857892	0.00136653269448096	8.08326178909989e-06
4901	0.00113425802887568	0.00105847149531189	3.85264014005119e-06	0.00146020316457338	0.00148106966219075	1.02139346536281e-05	0.00132631862821251	0.00131821953640918	6.38058810662894e-06	0.0012941998278114	0.00125642340649382	5.27907413766105e-06	0.00137911059723432	0.00136583922322794	7.51823102888171e-06
5001	0.00113356762045494	0.00105770840789041	3.57025512810815e-06	0.00145922655400462	0.00148011391724905	9.46201032921102e-06	0.00132556555716738	0.00131754402986387	5.97118848049615e-06	0.00129336478525438	0.00125577185214272	4.77937071870659e-06	0.0013783038852476	0.00136511246566913	7.02494678645322e-06
5101	0.00113289404301591	0.00105719072086447	3.32129159847893e-06	0.00145819843081333	0.00147926604713534	8.10234065382776e-06	0.00132467525140535	0.00131676894577749	5.61985131553827e-06	0.00129257630839276	0.00125511721409358	4.57127624494432e-06	0.00137738030756464	0.00136430848351912	6.6752346099187e-06
5201	0.00113215757800425	0.00105670494369497	2.86150150914235e-06	0.00145711607738632	0.00147836561981451	7.60165716324505e-06	0.0013236489848754	0.00131597110987911	5.36060460484973e-06	0.0012916755003248	0.00125444538000528	4.22811427869925e-06	0.00137644343809588	0.00136366807955195	6.41930154196866e-06
5301	0.00113143035763726	0.00105616906731415	2.62717169111749e-06	0.00145609384824258	0.00147764490628334	7.32833987177144e-06	0.00132287376059055	0.00131527648329005	4.84950728161584e-06	0.00129083476210639	0.00125368703186	3.87463013995445e-06	0.0013754685505728	0.00136286494893925	6.05192382630362e-06
5401	0.00113078742444039	0.00105555904986834	2.33385109665267e-06	0.00145522632537356	0.00147668333844368	6.99406740208952e-06	0.00132207278760883	0.00131457459639207	4.57017162844401e-06	0.00129004469783345	0.00125291773892376	3.68507910051646e-06	0.0013745340014291	0.00136232750191357	5.67335266571562e-06
5501	0.00112996605188634	0.00105497825590329	2.34747940697547e-06	0.00145411229454824	0.00147573987777631	6.86892525949056e-06	0.00132124131027604	0.00131382262138482	4.27100194487265e-06	0.00128911097981996	0.00125222295520348	3.28973021491086e-06	0.00137374554589558	0.0013616378791616	5.20033436670657e-06
5601	0.00112927589092301	0.00105443367866362	2.07284882467104e-06	0.00145316603192047	0.0014747678376675	6.63981883489922e-06	0.00132038311205536	0.00131314044148196	4.01036295859043e-06	0.00128827037404819	0.00125155366885264	3.17937566572734e-06	0.00137268328991219	0.00136090785027733	4.88348616878042e-06
5701	0.00112865654725408	0.00105387335854185	1.86746422662536e-06	0.00145221818938313	0.00147400273852224	5.9701866236184e-06	0.00131958684470093	0.00131245335436369	3.77507228294229e-06	0.0012875244125468	0.00125073353429875	2.97796512835873e-06	0.00137177239354255	0.00136025359121963	4.54594633625908e-06
5801	0.00112805777429863	0.00105309993618402	1.76864056800286e-06	0.00145132603854505	0.00147335638377465	5.52932777479231e-06	0.00131888891126669	0.00131179960113611	3.53837164659395e-06	0.00128677546747401	0.00125012212946983	2.73876412149562e-06	0.0013710124359576	0.00135966275616275	4.3188955905901e-06
5901	0.00112740839435167	0.00105253105884231	1.60605376342117e-06	0.00145039420417281	0.00147270085032986	5.23253347120848e-06	0.00131801016010196	0.00131103789443325	3.1131790142245e-06	0.00128601367971924	0.00124942668392127	2.51908156574446e-06	0.00137001095381922	0.00135902124868346	3.99175060394651e-06
6001	0.00112667080446211	0.00105200143238066	1.56229195123404e-06	0.0014496572067012	0.00147193037230682	4.84165360906509e-06	0.00131703823327159	0.00131038326831996	2.90858467047765e-06	0.00128514894844781	0.00124873279158691	2.30221323697518e-06	0.00136908150274315	0.00135843375183632	3.73283029268987e-06
6101	0.0011260081156775	0.00105153376189904	1.4537129125334e-06	0.0014486470672366	0.00147112296494595	4.26939374547877e-06	0.00131625199499633	0.00130959613654816	2.73391321846672e-06	0.00128437070247613	0.00124779866159421	2.17718114064015e-06	0.00136841183876557	0.00135762838634127	3.46213026847439e-06
6201	0.00112536804109893	0.00105104386872163	1.36476599934005e-06	0.00144760773781335	0.00147013947441823	4.08054496001797e-06	0.00131543686043905	0.00130895761010037	2.60211539877403e-06	0.00128354955785082	0.00124708173202136	2.05562451362522e-06	0.0013673628917196	0.00135691566496887	3.20724093808183e-06
6301	0.00112465981601246	0.00105059172878534	1.24348141910312e-06	0.00144664353096429	0.00146911153910165	3.73861437432573e-06	0.00131465900775371	0.00130823242466965	2.47834699316696e-06	0.00128277984963276	0.0012462524089405	1.88620363380363e-06	0.00136649041403116	0.00135627260996622	3.04254292106232e-06
6401	0.00112400504269955	0.00105003494890333	1.20403449630245e-06	0.0014458336081611	0.00146817113323298	3.54051580314471e-06	0.00131376300815047	0.00130749812047539	2.33916869000511e-06	0.00128192625041687	0.00124535584762293	1.74068093001594e-06	0.00136559216685763	0.00135558928128783	2.91984331803148e-06
6501	0.00112338287361242	0.00104958243536114	1.11010562741386e-06	0.00144504344256587	0.00146700704583164	3.32147654319123e-06	0.00131290770290229	0.00130678212449431	2.17995772555442e-06	0.00128104046114266	0.0012444880485686	1.61340961516724e-06	0.0013647303278035	0.00135477598823702	2.75752020732358e-06
6601	0.00112278826937888	0.00104914606182772	1.0577070516333e-06	0.00144410516960943	0.00146625626240416	3.1836638655883e-06	0.00131211253953459	0.00130590596145161	2.10335220471571e-06	0.00128034937138694	0.00124358128077149	1.52409796570238e-06	0.00136378806502082	0.00135406632548784	2.56678616305972e-06
6701	0.00112226238032072	0.00104881298242505	1.04674491847578e-06	0.0014434326734482	0.00146548650450802	2.96729455319942e-06	0.00131142448147941	0.00130512076380197	1.96363791656641e-06	0.0012795304172294	0.00124288087371168	1.45927798565811e-06	0.00136296020534532	0.00135334193133819	2.5030379804823e-06
6801	0.00112169555108216	0.00104815475015982	9.02549715163573e-07	0.001442290017665	0.00146449328320312	2.86731421492306e-06	0.00131065045775032	0.00130446470513431	1.83157081845594e-06	0.00127876229720567	0.00124215992831125	1.37941851489003e-06	0.00136216703637469	0.00135266887264437	2.29129918544625e-06
6901	0.00112105213342171	0.00104766611864225	8.4523393728423e-07	0.00144121291991295	0.00146368208025706	2.5738054665405e-06	0.0013097851203118	0.00130372878987803	1.70080587801296e-06	0.00127800979296803	0.00124123518242096	1.24868895753014e-06	0.00136122734877765	0.00135202246975169	2.15455776532596e-06
7001	0.00112057796547366	0.00104714877964047	7.79538753152841e-07	0.00144046059636636	0.00146285078963556	2.4644882107867e-06	0.00130893074853947	0.00130298865836627	1.6017873243301e-06	0.00127718698742815	0.00124057282927259	1.20029421981159e-06	0.00136035460096087	0.00135137042804393	2.02633862436277e-06
7101	0.00112006977270115	0.00104668487895267	7.5809565812074e-07	0.00143951672436806	0.00146206477015079	2.34941355775717e-06	0.001308083520353	0.00130233696244707	1.49689329547812e-06	0.00127638462962897	0.00123981163119573	1.11380664436703e-06	0.0013594929975376	0.00135067732725641	1.87961300839407e-06
7201	0.00111939038608845	0.00104612895235279	6.77295504446296e-07	0.00143848986149883	0.00146126360341719	2.19286537141691e-06	0.00130722100395888	0.00130165341086438	1.40083854373384e-06	0.00127545239134354	0.00123896334739087	1.01393099543792e-06	0.00135859005052224	0.00134990699900414	1.79871051953155e-06
7301	0.00111859377715643	0.00104572368466018	6.20893776984928e-07	0.00143760574882269	0.00146038345830172	2.16514587416242e-06	0.00130631979403861	0.00130083576789159	1.32832686737452e-06	0.00127456754198342	0.00123828369927319	1.00540746646841e-06	0.00135776055087561	0.00134910798975667	1.67488303437501e-06
7401	0.00111786719322214	0.00104519767739848	6.12357450849984e-07	0.0014367306296628	0.00145980241555445	2.14586669648933e-06	0.00130565062883154	0.00130011168928517	1.24237681303396e-06	0.00127380371884088	0.0012375159201772	9.38977736539211e-07	0.00135674824072008	0.00134844074660055	1.55977029671507e-06
7501	0.00111727708433247	0.00104475754029872	5.62664232057423e-07	0.00143583216462437	0.00145903187526894	1.90158901364581e-06	0.00130498994891606	0.00129915132569763	1.18382337979969e-06	0.00127278783758309	0.00123680198452063	8.60132844725129e-07	0.00135588551551214	0.00134771484162451	1.48604236513618e-06
7601	0.00111649276995793	0.00104430530157024	5.30956363723315e-07	0.0014349160867889	0.00145812031973279	1.83285243977221e-06	0.0013041196367715	0.00129854487931437	1.11284946429853e-06	0.00127197786849981	0.0012362476398553	8.10866749305345e-07	0.00135499621443822	0.0013470067896365	1.38317425053147e-06
7701	0.0011158143373887	0.00104373597136001	4.72079318838002e-07	0.00143376792040438	0.00145730171429088	1.77003791507796e-06	0.00130340621829682	0.00129788982249035	1.06856555875196e-06	0.0012712846472454	0.00123559196687041	7.74550804464226e-07	0.00135411952346829	0.00134640456024127	1.30946381764451e-06
7801	0.00111516722428762	0.00104323951758227	4.62637899101968e-07	0.00143287688162827	0.00145658758008536	1.74209363852134e-06	0.00130249022646361	0.00129731988715296	9.81692953293651e-07	0.00127048231998189	0.00123493539374149	7.19781466668246e-07	0.00135329970961426	0.00134578044643036	1.2289710205253e-06
7901	0.00111458956427607	0.00104276486348034	4.25613794548099e-07	0.00143190641184341	0.00145577682425986	1.68051919445148e-06	0.001301568361128	0.00129651795914928	9.39645348962407e-07	0.00126971658641375	0.00123413559705956	6.74248567899333e-07	0.0013522966576734	0.00134497114629306	1.14971310153273e-06
8001	0.00111395759873863	0.00104228819651908	3.87690814610816e-07	0.00143103152145493	0.00145509580501844	1.62609027019346e-06	0.00130084297734151	0.00129593922871861	8.80045123361539e-07	0.00126889891201814	0.00123337503813637	6.23864693863825e-07	0.00135146109206594	0.00134428265709835	1.03746395242594e-06
8101	0.00111329266095744	0.00104172624582785	3.70603613217696e-07	0.00143019382542514	0.00145397167880419	1.54810886571593e-06	0.00129997051081658	0.00129535056416324	8.15982011366559e-07	0.00126811064352296	0.00123269522659858	5.84229314711434e-07	0.00135060038842475	0.00134370758966201	1.02287138900606e-06
8201	0.0011126288665586	0.00104124239397587	3.2752122524261e-07	0.00142942510815189	0.00145323881395075	1.38242990042053e-06	0.00129909360475905	0.00129453829750995	7.8238842541529e-07	0.00126717771414937	0.00123194652310165	5.38402211825182e-07	0.0013497303218009	0.00134311754782098	9.60103316431474e-07
8301	0.00111198864316467	0.00104083004293906	3.13974504802452e-07	0.0014284597430176	0.00145248266680882	1.30057635028282e-06	0.00129825001951056	0.0012938781000385	7.44006161721717e-07	0.00126637326592783	0.00123120514828584	5.04422553864226e-07	0.00134888619157137	0.00134246109077494	9.22152703789601e-07
8401	0.00111127474515996	0.00104024882416452	2.80113734107775e-07	0.0014274056780885	0.00145156958342501	1.25434863561823e-06	0.00129753573220915	0.00129312757925371	7.25322288261692e-07	0.00126555159361198	0.00123051848331109	4.79728827835813e-07	0.00134813701231688	0.0013417928646502	8.25981200051618e-07
8501	0.00111064879844546	0.00103980791241589	2.58358417839072e-07	0.00142661086966937	0.00145058635772553	1.23535732209176e-06	0.00129668732536754	0.00129236042986213	6.51238648852183e-07	0.00126460657580036	0.00122963978344953	4.52842613827063e-07	0.00134723606340413	0.00134100449252571	7.95359621661519e-07
8601	0.00111005477524324	0.00103933400587189	2.42205052410668e-07	0.00142567306811369	0.00144982859546496	1.17849527007694e-06	0.00129598466764059	0.00129166614201444	6.3022727079395e-07	0.00126373006346486	0.00122897446441994	4.35272672511601e-07	0.00134633146409377	0.00134026922748662	7.46716797974994e-07
8701	0.00110935958909808	0.00103885759468645	2.30765927845694e-07	0.00142499261877999	0.00144881002725474	1.14375256898736e-06	0.00129509030885652	0.00129077207581864	5.91695478185663e-07	0.001262790263438	0.00122826186857281	3.90894019640969e-07	0.00134557304217608	0.0013395394487911	7.12702723244466e-07
8801	0.00110881347190217	0.00103833240768738	2.20982398158691e-07	0.00142424513880193	0.00144798971279911	1.13280211230454e-06	0.00129438505890528	0.00129001056828197	5.70560366664873e-07	0.00126167235224994	0.00122740832219367	3.7049958347319e-07	0.00134468370706601	0.00133878694188352	6.87732022406582e-07
8901	0.00110820537937929	0.00103770202433666	1.99686587195787e-07	0.00142345462637151	0.00144696926019379	1.1146768300288e-06	0.00129348082480728	0.00128934529707694	5.32976753976412e-07	0.00126102740536431	0.00122664974038781	3.52235978958999e-07	0.00134381508599999	0.00133816766126091	6.53279282524203e-07
9001	0.00110762494056876	0.00103713023879645	1.82916178064796e-07	0.00142234896332783	0.00144607305790505	1.09714559671255e-06	0.00129276785955312	0.00128867902615366	4.8956867450855e-07	0.00126010263383526	0.00122598221757791	3.36370108025448e-07	0.00134287278595105	0.00133739004507988	5.90429615209055e-07
9101	0.00110691264082514	0.00103668373716407	1.82306438090614e-07	0.00142157091004722	0.00144525402817106	1.08648229913947e-06	0.00129193601443006	0.00128778656009113	4.57333195214401e-07	0.00125937429912451	0.00122525568900896	3.12807808325288e-07	0.00134221398976662	0.00133686330382644	5.56609560985685e-07
9201	0.00110615559254946	0.00103597925439065	1.73340203076803e-07	0.00142065005268406	0.00144421150283995	1.07124052505277e-06	0.00129102393239014	0.00128700668144403	4.18657570119572e-07	0.00125868701783136	0.00122438320810306	3.00826078721919e-07	0.00134129237869	0.00133619005294149	5.28460159164032e-07
9301	0.00110558272874365	0.00103554856917461	1.58746427403014e-07	0.00141980730778517	0.00144349452583426	1.047715714931e-06	0.00129025030453648	0.00128645221203509	4.03739409808287e-07	0.00125780424118615	0.00122372441171483	2.87740224202359e-07	0.00134051341571805	0.00133539709659641	4.88166432413047e-07
9401	0.00110487600761611	0.00103512743013675	1.48612101125049e-07	0.00141894373920306	0.00144242514130278	8.09042668340723e-07	0.00128947006294888	0.00128583835559838	3.7113547985256e-07	0.00125696128018359	0.00122303272861265	2.68387966617236e-07	0.0013394190527879	0.0013347896627768	4.59195760278365e-07
9501	0.00110417977519953	0.0010345876422789	1.29781026997429e-07	0.00141799530097172	0.00144163944308984	7.54471767663457e-07	0.00128863490641492	0.00128507400501987	3.49591987728254e-07	0.00125606916176965	0.00122220792092339	2.62972475575078e-07	0.00133861530574927	0.00133421641563732	4.5002437263909e-07
9601	0.00110342548252018	0.00103408801428789	1.20282412195681e-07	0.00141729675824061	0.00144084951033111	6.95177778056132e-07	0.00128776640083645	0.00128419304908249	3.22822434836872e-07	0.00125511210269931	0.00122151854505346	2.39843552123028e-07	0.00133784294701761	0.00133363530528766	4.23378997991501e-07
9701	0.00110278583887469	0.00103351121550662	1.16377159506793e-07	0.00141638537180183	0.0014399924398919	6.91008026399139e-07	0.00128692302904321	0.00128340179677258	3.10157459102034e-07	0.00125432643894687	0.00122080262755132	2.27771127674463e-07	0.00133704446787322	0.00133302663875711	3.96120042987275e-07
9801	0.00110230370649551	0.00103301988377968	1.12604349036877e-07	0.00141547268931491	0.00143924234865308	6.81154554103776e-07	0.00128611160090842	0.00128264420735436	2.88948920915612e-07	0.0012533167772014	0.00122018186646651	2.06145635860142e-07	0.00133631557156601	0.00133243313709584	3.69161618442626e-07
9901	0.00110163819170697	0.00103244775113497	1.08088739936134e-07	0.00141480811372395	0.00143836361560207	6.34704441064996e-07	0.00128518472575418	0.00128184789888091	2.72761595684199e-07	0.00125241772576754	0.00121944115493057	1.9015517293952e-07	0.00133555200688617	0.00133151895531008	3.64381245920479e-07
10001	0.00110097615236355	0.00103199893674046	9.21305587008169e-08	0.0014136698617473	0.00143741560792963	5.5416767225377e-07	0.00128436131748999	0.0012811317714098	2.58101013034627e-07	0.00125162437864351	0.00121863203483478	1.81575127828853e-07	0.00133489308348241	0.0013309050984332	3.35607513694898e-07
10101	0.00110025016312864	0.00103150336801792	9.04677534836831e-08	0.00141277483628208	0.0014367678258666	5.14905754582905e-07	0.00128346608279371	0.00128031608040512	2.43398077199234e-07	0.00125082291426456	0.00121789094681522	1.70165165017305e-07	0.0013341280125496	0.00133016124682478	3.06557255943399e-07
10201	0.00109969960006114	0.00103102353426472	8.63881935013832e-08	0.00141203227707365	0.00143574212474781	4.98832375382462e-07	0.00128268129501527	0.0012796406660613	2.2471166730962e-07	0.0012498422821259	0.00121709958650434	1.60203213940941e-07	0.00133326970434552	0.00132946414762753	3.04650819576502e-07
10301	0.00109908319018771	0.00103050734990848	7.99755906364006e-08	0.00141131590131438	0.00143489661574606	4.52929074230618e-07	0.00128193110866739	0.00127890921961517	2.19045713787572e-07	0.00124902100097043	0.00121637347083916	1.4854044146148e-07	0.00133258288232106	0.00132871471052376	2.75756123632249e-07
10401	0.00109848244186779	0.00102998031356091	7.60963030728646e-08	0.00141034739345868	0.00143410418218406	4.22336382656829e-07	0.00128117476524489	0.00127822720076173	2.0372231807688e-07	0.00124834489088853	0.00121558440818155	1.40268256805911e-07	0.00133187111987748	0.00132803726998557	2.68184183522673e-07
10501	0.00109800638895448	0.00102938359125123	6.70540041593151e-08	0.00140936557489386	0.0014334772179958	4.10035205219676e-07	0.00128042692899193	0.00127749609622733	1.93080020788798e-07	0.00124745523090078	0.00121483285849739	1.40903512004135e-07	0.00133079057618641	0.00132729178512101	2.55222719914774e-07
10601	0.00109743157452326	0.00102893137678906	6.13325195565036e-08	0.00140856240352911	0.00143254727580391	3.79562962144186e-07	0.00127967458532488	0.0012767811701708	1.77077621994497e-07	0.00124670121489211	0.00121413135367926	1.27531809356856e-07	0.00132991276474038	0.00132660309520926	2.29618926784888e-07
10701	0.00109672182934185	0.00102849187528617	5.61648532896109e-08	0.00140780540466619	0.00143186602324216	3.65324850225672e-07	0.00127908521998895	0.00127602910737842	1.66229585620595e-07	0.0012458941130396	0.0012133618038398	1.16159396089436e-07	0.00132907156755846	0.00132594987806296	2.1542237399235e-07
10801	0.00109593577031876	0.00102799494078216	5.34831869888224e-08	0.00140694663097493	0.00143113967637983	3.37989190157588e-07	0.00127828703483715	0.00127537741480782	1.5823123357508e-07	0.00124513615474132	0.00121262188116171	1.12994523591196e-07	0.00132833489106823	0.00132531759276577	2.01520078522752e-07
10901	0.00109533216749741	0.00102738601174868	5.04950681339205e-08	0.00140618825486357	0.00143006826328013	3.26626798139965e-07	0.00127745663460743	0.00127464640046957	1.48696910355092e-07	0.00124431512266401	0.00121182338409175	1.0579460455463e-07	0.0013273111903215	0.00132470373337432	1.90935419022307e-07
11001	0.00109471971542256	0.00102657348969533	4.53137113518704e-08	0.00140540338202923	0.0014293053727999	2.95456094893647e-07	0.00127673765045085	0.00127395834096586	1.41404587783644e-07	0.001243358468566	0.00121104402322482	9.69714144032973e-08	0.00132648662194392	0.00132413794324281	1.86515234310211e-07
11101	0.00109415503305022	0.00102599489236681	4.42073808982549e-08	0.00140447527270605	0.0014283693993127	2.844567186605e-07	0.00127591930849229	0.00127316738616875	1.32815709783603e-07	0.00124253036137974	0.00121029257785113	9.31058795918661e-08	0.0013258517845731	0.00132357653729124	1.77024137150873e-07
11201	0.00109354400659805	0.00102546527617439	3.98548350740538e-08	0.00140377619727267	0.00142744494746579	2.7390901834e-07	0.00127523304985291	0.00127239189244683	1.2708438073908e-07	0.00124164090381961	0.00120959843108816	8.72545762023085e-08	0.00132511725232627	0.00132285250379047	1.66070078492044e-07
11301	0.001092733917718	0.00102506903866339	3.5795980865012e-08	0.00140293341278214	0.00142670005211437	2.68701519956764e-07	0.0012743457056142	0.00127167081292101	1.1912272849647e-07	0.00124089549936767	0.00120889802579374	8.04314515441674e-08	0.00132440117464487	0.00132224209508583	1.61431288919345e-07
11401	0.00109207054928012	0.00102462589933628	3.53275412715864e-08	0.00140208780643934	0.00142582535813664	2.38755930992372e-07	0.0012734542042512	0.00127107803970879	1.08808684237202e-07	0.00124011889173636	0.00120824640976071	7.61584793543283e-08	0.00132350187123209	0.00132140782964111	1.4746281146629e-07
11501	0.00109129446353858	0.00102419164175454	3.35108954861385e-08	0.00140133264983465	0.00142504592605562	2.36132355276116e-07	0.00127271826393609	0.00127043174028566	1.03756645634364e-07	0.00123936401683235	0.0012076091637697	7.52375300444929e-08	0.0013225996726707	0.00132079288946627	1.35386274301924e-07
11601	0.00109060839069415	0.00102376734259229	3.21874555865386e-08	0.00140038715110531	0.00142442732882785	2.25709285323338e-07	0.0012718302295249	0.00126962222262153	9.59595807222079e-08	0.00123856053582401	0.00120683289093743	7.16787650162627e-08	0.00132177404873946	0.00132016365398289	1.25215329565292e-07
11701	0.00108991505582035	0.00102325226316519	2.91647755664542e-08	0.00139953223504435	0.00142342457587197	2.20503095808081e-07	0.00127104352974102	0.00126898590759759	9.18710153616865e-08	0.00123775999979899	0.00120596757762208	6.7831250165947e-08	0.00132071927588189	0.00131951823516126	1.20179143360599e-07
11801	0.00108921631420316	0.00102260232057375	2.85204604486092e-08	0.00139885050299085	0.00142275807365207	2.03587678891926e-07	0.00127023277587309	0.00126822477313308	8.68766154882232e-08	0.00123700253539384	0.00120533815195727	6.11573977345713e-08	0.00131989666040786	0.00131863762935927	1.12704216327215e-07
11901	0.00108844044199523	0.0010220408975275	2.7885065378488e-08	0.00139806896502321	0.00142200867809673	1.85939446089154e-07	0.00126952923251965	0.00126761238896959	7.87274405954112e-08	0.00123619338656604	0.00120451074242274	5.65400720042932e-08	0.00131888626055206	0.0013179616366052	1.06800026509443e-07
12001	0.00108788163865746	0.00102157354154855	2.61882624567527e-08	0.00139727208380081	0.00142126080325635	1.81896196870655e-07	0.00126866602752639	0.00126680823988545	7.66960343384736e-08	0.00123531444456479	0.00120378600836289	5.45109883908451e-08	0.00131813577026331	0.0013171464835167	1.01864439131791e-07
12101	0.00108709708338189	0.00102080011316801	2.32727150693076e-08	0.00139644708027044	0.00142043430413681	1.76005697766963e-07	0.00126792704547819	0.00126591053151962	7.05163213706927e-08	0.00123448571963453	0.00120299091051221	4.88296419547713e-08	0.00131720187383409	0.001316576610692	9.60999408865728e-08
12201	0.00108648637325675	0.00102032001327837	2.19313764972905e-08	0.00139555159422441	0.00141943225983133	1.69535567890605e-07	0.00126709295708769	0.00126517677130739	6.81875949815064e-08	0.0012335780757648	0.00120239738824069	4.90065614264382e-08	0.00131631151608118	0.00131594550423527	8.99428167148405e-08
12301	0.0010857593881533	0.00101971169423404	2.07472304572278e-08	0.00139463398133937	0.00141865392184767	1.62325789553827e-07	0.00126619123993863	0.00126442929280701	6.32622932295523e-08	0.00123272901427028	0.00120180628807112	4.65018526549009e-08	0.0013154525851208	0.00131527433103115	8.65386435206863e-08
12401	0.00108514018483398	0.0010192064366983	1.85560697257432e-08	0.0013940087915957	0.00141798550717269	1.45690220217198e-07	0.00126544768209197	0.0012637095644235	6.09793185385536e-08	0.00123206427347667	0.00120099406481827	4.35520544435511e-08	0.00131459569636478	0.0013146692959848	8.09355239820348e-08
12501	0.00108445856434239	0.00101867269528901	1.65992756320799e-08	0.00139318647340863	0.001416711802481	1.40280508907258e-07	0.00126470068349597	0.00126295876425729	5.60640051602284e-08	0.00123109196942082	0.00120035543417664	4.08066907146815e-08	0.00131362261677478	0.00131406815404137	7.34346108185104e-08
12601	0.00108374923320767	0.00101791991855927	1.629138581268e-08	0.00139218622281891	0.00141574122039603	1.30767555359646e-07	0.00126381787128565	0.00126231800152233	5.4044244565252e-08	0.00123043034908887	0.00119973740637261	3.83229952620388e-08	0.00131287413054071	0.00131340956796384	7.06878069696164e-08
12701	0.00108310131651779	0.00101757918172377	1.49773482194078e-08	0.0013912402051374	0.00141480133782884	1.25720082099917e-07	0.0012630392988521	0.00126155439453278	5.15358080268343e-08	0.0012295972076347	0.00119903308863021	3.69178914911876e-08	0.00131206496032185	0.00131262031408123	6.7400191821633e-08
12801	0.0010825365607981	0.00101714508561794	1.36560258124351e-08	0.00139036071675602	0.00141399343494227	1.17952219181998e-07	0.00126238061597719	0.00126087456938036	4.85207729412964e-08	0.00122884914196815	0.00119841376980637	3.52064004807519e-08	0.00131123244550345	0.00131192914440345	6.39123253806545e-08
12901	0.00108186542244395	0.00101655841222666	1.3022547517484e-08	0.00138913119110247	0.00141311604694897	1.10562920785586e-07	0.00126154410663517	0.00126001496228804	4.61015755176525e-08	0.00122808215970198	0.00119786075494429	3.29362181309137e-08	0.00131037250638531	0.00131117630705219	6.13132632772315e-08
13001	0.00108116920954249	0.00101602348066834	1.21635849436877e-08	0.0013883342376532	0.00141255169166607	1.0674135910683e-07	0.00126080536141485	0.00125908480740153	4.20321717500054e-08	0.00122729257246245	0.001197130176573	3.02039181080266e-08	0.00130952356400311	0.00131056178420444	5.98459344640888e-08
13101	0.00108042687012185	0.00101555443840928	1.10914865496706e-08	0.00138744175888885	0.00141166296197468	1.02722249946749e-07	0.00126012313551695	0.00125833043848099	3.97410250015156e-08	0.00122642522969909	0.00119645354375021	2.86620822526139e-08	0.00130874846326151	0.00130984761835714	5.20507765560694e-08
13201	0.00107964813954326	0.00101496491193208	1.12445169626768e-08	0.00138677687672296	0.00141093683616956	9.60859150454918e-08	0.00125929374669968	0.00125753562129898	3.74632006198313e-08	0.00122564636923552	0.00119571867921808	2.67062611516225e-08	0.00130796267256347	0.00130921117119513	5.07819634297837e-08
13301	0.00107905959489634	0.00101438182833747	1.01994847486645e-08	0.00138582594614986	0.00141035801147996	9.50061118860113e-08	0.00125854610407683	0.00125685149190924	3.49975181529731e-08	0.00122502544158603	0.00119504858228279	2.53452463232904e-08	0.00130728194704674	0.0013085837657811	4.81088535736049e-08
13401	0.00107826305505485	0.00101398115958028	8.68086728502229e-09	0.00138490602488614	0.00140936103475472	8.88980765609052e-08	0.00125769402912832	0.00125617398267927	3.26036701695323e-08	0.00122408731499008	0.0011943318745761	2.42834043232197e-08	0.0013064048649803	0.00130796605164182	4.47606810031503e-08
13501	0.00107759244867678	0.00101358258510283	7.85301133957053e-09	0.00138417509770896	0.00140858112363411	8.12916063843502e-08	0.00125699712798295	0.0012554031372482	3.10328608417374e-08	0.00122320416729127	0.00119366694497696	2.26908965225691e-08	0.00130545701973218	0.00130740526064717	4.25282908520817e-08
13601	0.00107702759766871	0.00101316890018332	7.40727367732132e-09	0.00138340403329364	0.00140767794683398	8.31011805415997e-08	0.00125629896157172	0.00125475497488926	2.85497756236788e-08	0.00122227752102198	0.00119309545255095	2.09223283754672e-08	0.00130467845066574	0.00130671323331422	3.93268413273788e-08
13701	0.00107642849617355	0.00101266612425462	6.78060678559091e-09	0.00138277445361169	0.00140702878476323	7.82711993457567e-08	0.00125554407953439	0.00125413567019268	2.71512021434083e-08	0.00122149091461338	0.00119243370283972	1.96895564573631e-08	0.00130385841896673	0.00130599741863406	3.84731881133185e-08
13801	0.00107589221731478	0.00101209758903827	6.62758236093896e-09	0.0013819336784805	0.00140596195617553	7.71748096485195e-08	0.00125467422617309	0.00125347775553076	2.53225859346881e-08	0.00122062034720971	0.00119160204033196	1.89177420324348e-08	0.00130310012847067	0.00130537421023759	3.53716708973082e-08
13901	0.00107525785733253	0.00101163497887165	6.08141102913185e-09	0.00138105697232196	0.00140511912134734	6.64603711026316e-08	0.00125387564734664	0.00125282542570284	2.41068594965457e-08	0.00121978195610887	0.00119100798817699	1.79781855724938e-08	0.00130215550054936	0.00130463265081345	3.296708903946e-08
14001	0.00107455727636924	0.00101120750240729	5.7540010507826e-09	0.00137994601067968	0.00140449470539612	6.28316187497887e-08	0.00125315256952664	0.00125203000007846	2.2866670604194e-08	0.00121902424778607	0.00119029589348393	1.64185602365519e-08	0.00130119428143145	0.00130388779130255	3.15852785782783e-08
14101	0.00107394734176508	0.00101074108705116	5.66752064765039e-09	0.00137907432674501	0.00140357395442506	6.07879655586407e-08	0.00125237962701232	0.00125131765376915	2.19893391754687e-08	0.00121833228615488	0.00118958504696979	1.57901920778882e-08	0.00130037377942651	0.00130316648605512	3.06689008360284e-08
14201	0.00107330183215014	0.00101034591990345	5.61921213437071e-09	0.00137821541732436	0.00140260055233633	5.49098776572234e-08	0.00125168251500224	0.00125054855416305	1.97227514572634e-08	0.00121758532645972	0.00118891567020404	1.47921124412257e-08	0.00129945311826297	0.00130247359485228	2.88130089330573e-08
14301	0.00107270173556109	0.00100988272653611	4.80295283032185e-09	0.00137729050746717	0.00140171877727798	5.44163974051531e-08	0.00125075033800643	0.00124988132051062	1.8710600304883e-08	0.00121695814833597	0.00118835156761893	1.36308561883448e-08	0.00129865053063533	0.00130175506478594	2.7784823769231e-08
14401	0.00107201490956949	0.00100943000726766	4.70530622527503e-09	0.00137643628599119	0.00140111762964719	5.14787994866463e-08	0.00124989554408262	0.00124918067511594	1.7766976566196e-08	0.00121627402361176	0.00118763054619896	1.31282900797814e-08	0.00129786039400387	0.0013010633831317	2.63849161365466e-08
14501	0.00107156275123015	0.00100910952891241	4.0508165798628e-09	0.0013755988222673	0.00140037078661903	5.02815634835656e-08	0.00124900489196542	0.00124859700196597	1.65782162300192e-08	0.00121551988559426	0.0011869389281002	1.25281003611537e-08	0.00129695912855675	0.00130031570343307	2.33431473639137e-08
14601	0.00107083620408274	0.00100857876382086	3.75165624959537e-09	0.0013747400848628	0.0013995664889621	4.9166995344484e-08	0.00124814593915845	0.00124787755766659	1.55850628383982e-08	0.00121476255456476	0.00118629316673128	1.15285842744216e-08	0.00129626184126626	0.00129964564495125	2.19008784565979e-08
14701	0.00107034368417704	0.00100799868911831	3.30429831013659e-09	0.00137404684718916	0.00139872615739743	4.53603149497217e-08	0.00124740396342516	0.00124716293633358	1.51024218761309e-08	0.00121397154699861	0.00118565984426598	1.15621230433048e-08	0.00129548382880522	0.00129893941783498	2.10919860914091e-08
14801	0.00106966911901385	0.00100756602162192	3.30419585409527e-09	0.00137311798166737	0.00139786741141058	4.42162293563975e-08	0.00124672994237271	0.00124650618291828	1.37186410763103e-08	0.00121324501648381	0.00118497922055849	1.08075339906091e-08	0.00129469875421687	0.00129846437417644	2.06791155565208e-08
14901	0.00106907931704207	0.0010071051139091	3.21248612984146e-09	0.00137235820845763	0.00139684164400594	4.23817937909214e-08	0.00124601573144072	0.00124563683555929	1.33599528303536e-08	0.00121243043096252	0.00118429307533854	9.98304943253795e-09	0.001293802273962	0.00129778521051471	1.86445260159399e-08
15001	0.00106846516983755	0.00100671243084654	3.10650427480641e-09	0.00137149734352897	0.00139623446627044	4.01153700076975e-08	0.00124533454502613	0.00124467248501679	1.27080536174771e-08	0.00121168055115916	0.0011836206922441	9.31515801523893e-09	0.00129306553324265	0.00129714188117257	1.79139397591362e-08
15101	0.00106771738009245	0.00100612500025091	2.91298929642265e-09	0.00137056212825075	0.00139549747108502	3.74575138883716e-08	0.00124468307081018	0.00124411487056	1.17513011354145e-08	0.00121092796378154	0.00118297818885089	8.74314738160225e-09	0.00129227246889687	0.00129635776393509	1.67218447858944e-08
15201	0.00106700129027929	0.00100552158831685	2.71876517705749e-09	0.00136965891308236	0.00139462413089149	3.59214636193875e-08	0.00124397734822415	0.00124344932523125	1.12053405219664e-08	0.0012101562422031	0.0011822494364898	8.58015987399081e-09	0.00129145661779093	0.00129566997160594	1.58141221360946e-08
15301	0.00106642615364707	0.00100515189393567	2.63702183700138e-09	0.00136894540403273	0.0013937454699076	3.36141797231939e-08	0.00124318583146914	0.0012426864117945	1.03827063201884e-08	0.00120943850196919	0.00118161322898206	8.03143046969935e-09	0.00129058472822763	0.0012949728320107	1.46809624588805e-08
15401	0.00106581463064533	0.0010046557942028	2.51652137014444e-09	0.0013677280709753	0.00139292599783844	3.17081185676854e-08	0.001242413596981	0.00124202871497219	9.94715191994595e-09	0.00120864801798048	0.00118097521236497	7.57278819450433e-09	0.00128992595618484	0.00129430287786063	1.35171734490447e-08
15501	0.00106510411284775	0.00100414672436797	2.3016794093797e-09	0.001366808323862	0.00139189105396934	3.06873829399389e-08	0.00124172706611737	0.00124118187669525	9.52547122413861e-09	0.00120803348916316	0.00118035707200049	7.07679158177715e-09	0.00128926668146241	0.00129364526122759	1.3229385514256e-08
15601	0.00106436717527787	0.00100355927248653	2.14742183908482e-09	0.0013658468783617	0.00139097948254306	2.9229105361527e-08	0.00124092194038287	0.00124040875853385	9.00136049559745e-09	0.00120728206729401	0.00117969143454257	6.90111658096033e-09	0.00128843815236494	0.00129294765508339	1.26368133438743e-08
15701	0.00106382533586318	0.00100299698566721	1.99767619016964e-09	0.00136504377406313	0.00139003202950646	2.71972838728647e-08	0.00124021240816103	0.00123980252880877	8.33841370828759e-09	0.00120650251727563	0.00117911843925385	6.57987191745105e-09	0.00128743149747211	0.00129226524971337	1.21625439124683e-08
15801	0.00106306270520887	0.0010024085331857	1.76915320996072e-09	0.00136428404177657	0.00138922318504349	2.73476360250525e-08	0.0012395726394996	0.00123907495610571	7.90592534284082e-09	0.00120567310380675	0.00117840231870235	6.2773451068931e-09	0.00128649305368739	0.00129151316244827	1.15763676318216e-08
15901	0.00106247932962673	0.00100180730850511	1.67320875009671e-09	0.00136332209735574	0.00138853630760771	2.4050290559517e-08	0.0012388371212216	0.0012384008652751	7.67311323827704e-09	0.00120470399977478	0.00117778557297931	5.89902758325846e-09	0.00128555882818365	0.00129089147435062	1.0892926743872e-08
16001	0.00106185313048144	0.00100135804549342	1.58906980163203e-09	0.00136238946812119	0.00138754093258253	2.35157664882579e-08	0.00123804506173535	0.00123774122026816	7.26620903533904e-09	0.00120386592091763	0.00117709910861584	5.37643187010256e-09	0.0012846630925107	0.00129029161026628	1.02377311894076e-08
16101	0.001061175957825	0.00100084413597229	1.4246895976642e-09	0.0013614703834571	0.00138643048396929	2.29927965602088e-08	0.00123725581837781	0.00123697789983088	6.82449773652464e-09	0.00120312519838062	0.00117638126430663	5.18114314714657e-09	0.00128378276091569	0.00128948740415318	9.52583197284229e-09
16201	0.00106050425984568	0.00100029203929993	1.34443272466423e-09	0.0013606726602943	0.00138548461667855	2.1227497683639e-08	0.00123648946081734	0.00123624009407042	6.56185979414331e-09	0.00120248809284629	0.00117585728604852	4.95886008965183e-09	0.00128295104530302	0.00128877274973938	8.91339528416657e-09
16301	0.00105984908906735	0.000999922340588761	1.28512427048534e-09	0.00135990579399528	0.00138477454540883	1.96630832317581e-08	0.00123573822712804	0.00123554982025811	6.23022996495542e-09	0.00120161594188259	0.00117528954117631	4.69525792115851e-09	0.00128224891440497	0.00128812952132469	8.66921153255587e-09
16401	0.00105915598634748	0.000999329813271063	1.2222717821857e-09	0.00135921544281151	0.0013841090720709	1.90358998151496e-08	0.00123515614317295	0.00123488457567583	5.90133036180605e-09	0.0012008356173393	0.00117465454201454	4.44514515041619e-09	0.00128142119554889	0.00128753817449579	8.34290237792564e-09
16501	0.00105854132068154	0.000998814052172175	1.14323806141878e-09	0.00135837664979399	0.00138320138221121	1.85291645228692e-08	0.00123438882612298	0.00123419404279739	5.55106815318272e-09	0.00120010484653735	0.00117386073114509	4.07766019586021e-09	0.00128051145928879	0.00128691133463155	7.69658648951513e-09
16601	0.00105797382872974	0.00099844377888022	1.0973206304402e-09	0.00135760725014872	0.00138245697702757	1.72205684157902e-08	0.00123367591491129	0.0012333530065228	5.18265517239625e-09	0.00119928667190359	0.00117314157374663	3.92332769899721e-09	0.00127964013893443	0.00128616129469781	7.17926424796171e-09
16701	0.00105751496646758	0.000997920908093946	1.03748119116583e-09	0.00135677788646833	0.00138172549541422	1.79984741411155e-08	0.00123300567560281	0.00123254072304857	4.88981792114071e-09	0.00119857007146527	0.00117249733914983	3.75900499413911e-09	0.00127891175805123	0.00128557676183155	6.79864366367663e-09
16801	0.00105700032548056	0.0009972073692004	9.83157687430353e-10	0.00135595739482317	0.001380911784985	1.65014346040888e-08	0.00123217846218162	0.00123177001088419	4.59157850682316e-09	0.00119778842193773	0.0011717512692489	3.36044544304569e-09	0.00127803103699548	0.00128490485295508	6.57240248686222e-09
16901	0.00105638238587492	0.00099681504790858	9.27818785505618e-10	0.00135528654342146	0.00138013265852341	1.65659586510058e-08	0.00123138586108983	0.00123088723734504	4.24143498401847e-09	0.00119713290804994	0.0011711920879585	3.18456343260175e-09	0.00127739289213828	0.00128425703893928	6.25665212303447e-09
17001	0.00105562031425375	0.000996285879520873	8.86993333407737e-10	0.00135429164020831	0.00137945718651813	1.42549010912007e-08	0.00123053293963541	0.00123028827692027	4.00453609968004e-09	0.00119640909797455	0.00117051118305909	3.11258874680047e-09	0.00127669379765102	0.0012835685215836	5.836752647662e-09
17101	0.00105510775219451	0.000995608448431958	8.29991229071367e-10	0.00135352255748084	0.00137867069255091	1.37552160999788e-08	0.00122977222689053	0.00122964161254669	3.62894838355056e-09	0.00119561827769103	0.00116990088232745	2.97241082480445e-09	0.00127586473408597	0.0012830088517826	5.77227475157973e-09
17201	0.00105441147998815	0.000995005281142487	8.10398439775058e-10	0.00135257056458634	0.00137794984022536	1.34557681854683e-08	0.00122901296720957	0.00122888010229937	3.48697214977603e-09	0.00119497417809227	0.00116911477276071	2.92751474270269e-09	0.00127530324792076	0.00128233683770643	5.17615106325047e-09
17301	0.00105395861554996	0.000994490517003873	7.7072638147295e-10	0.0013518675533737	0.00137701102443479	1.22220337247047e-08	0.00122835659827126	0.00122801394870359	3.34258465191359e-09	0.00119430493052396	0.00116842299630278	2.77558178655817e-09	0.00127447850736319	0.00128170334807396	5.07419871005691e-09
17401	0.00105323743128314	0.000994014579819935	7.36524836978121e-10	0.00135102842498011	0.00137600914266406	1.13026270061291e-08	0.00122767227472321	0.00122727164824911	3.19016815920741e-09	0.00119346700879768	0.00116771935655254	2.68578442235872e-09	0.00127342629394203	0.0012809875568107	4.73234419228126e-09
17501	0.00105261996746788	0.000993381259468478	7.10706433761996e-10	0.00135017406168393	0.00137522065340706	1.13500938374443e-08	0.00122697226151417	0.0012265537134596	3.06748586339805e-09	0.00119256935739381	0.00116715738425682	2.3006761895276e-09	0.00127261625060491	0.00128035671932749	4.52657631314775e-09
17601	0.00105202969468354	0.000992934226983575	6.82350144289634e-10	0.00134923246590137	0.00137411210772266	1.11161997209295e-08	0.00122607129945432	0.00122593333312405	2.86924967908165e-09	0.00119197918033401	0.00116634025618	2.26878359669813e-09	0.00127183901254592	0.00127984696396836	4.4831083034579e-09
17701	0.00105150377494252	0.000992221770243422	6.73747062293133e-10	0.00134854279107927	0.0013733404806365	1.07710223116464e-08	0.00122546027778835	0.00122529722391407	2.69216188663042e-09	0.00119113738509418	0.00116568159990247	2.02561257087643e-09	0.00127098354971919	0.00127919153850917	4.26391984448752e-09
17801	0.00105092013901991	0.000991736577719076	6.39319204614141e-10	0.00134790652818857	0.00137260915901869	9.85332715625576e-09	0.00122476421214983	0.00122450685465438	2.59870640547135e-09	0.00119042184426617	0.00116505752477572	1.97030869329229e-09	0.00127019798155192	0.00127853302275603	4.1059225757945e-09
17901	0.00105029469924114	0.000991298971954694	6.36513200481332e-10	0.00134707681263928	0.00137178276041056	9.17937987561871e-09	0.00122389773135622	0.00122387197398295	2.40354123378052e-09	0.00118978220708021	0.00116451945453995	1.85506089800775e-09	0.00126957349795908	0.00127781608399662	3.89157702816036e-09
18001	0.00104964649704958	0.000990835251671726	5.98922334722301e-10	0.00134636989486112	0.00137111975240612	8.77677334181237e-09	0.00122305432842223	0.00122314802485207	2.31416556921452e-09	0.00118892814586481	0.00116393343809561	1.85715186878479e-09	0.00126890956604602	0.00127716739731472	3.58717036394509e-09
18101	0.001049001767292	0.000990280582356474	6.02365212449056e-10	0.00134554588093921	0.00137026368084302	8.11628836815276e-09	0.00122220510844104	0.00122240474854936	2.24345526128056e-09	0.00118803746374944	0.00116334076501363	1.69553001562048e-09	0.00126823483199443	0.0012765944861008	3.40175399954829e-09
18201	0.00104843762594457	0.000989624179243641	5.92215602808898e-10	0.00134471169609734	0.00136960280758621	8.16603149024243e-09	0.0012214415082469	0.00122168612249206	2.08828280993404e-09	0.00118731813289879	0.00116267980287391	1.62381578500237e-09	0.00126723333534646	0.00127585797557045	3.18346727297692e-09
18301	0.00104784921059671	0.000989134308079998	5.83563005068957e-10	0.00134395693949522	0.00136892060246819	7.88749047348828e-09	0.00122077404914601	0.00122104512766872	2.00898832565539e-09	0.00118665434566291	0.00116203367959483	1.50996137060716e-09	0.00126634945822179	0.00127521298461147	2.9648411421091e-09
18401	0.00104739688340541	0.000988560930330762	5.73450303219634e-10	0.0013433892614791	0.00136808226649028	7.13651781534509e-09	0.00121990100292722	0.00122033519065645	1.86529626900382e-09	0.00118586712363466	0.00116135640070157	1.41722016049852e-09	0.00126551885759545	0.00127461667049608	2.73451585690141e-09
18501	0.00104689052095792	0.000988058201100642	5.82193843588214e-10	0.00134255688151808	0.00136737583760662	7.08365309847524e-09	0.00121909947721577	0.001219716631675	1.78277600274366e-09	0.00118512966761617	0.00116064871537238	1.30177856869316e-09	0.00126495821148779	0.00127379542724953	2.64688766962821e-09
18601	0.00104634461087747	0.000987607727778719	5.68149096499294e-10	0.00134155826492776	0.00136674957454086	7.16741618885479e-09	0.00121846595543155	0.00121877977480853	1.67636258367966e-09	0.00118426163094657	0.00115995604628339	1.21532820434095e-09	0.00126434219453509	0.00127319143603748	2.46590588625606e-09
18701	0.00104566096661979	0.000987108067851128	5.50552670877962e-10	0.00134062818887156	0.00136601011666956	6.63712156583052e-09	0.0012177389547785	0.001218067878279	1.61447042115012e-09	0.00118350165278509	0.00115934847909941	1.13380667600595e-09	0.00126348041100032	0.00127257613607347	2.3604555634624e-09
18801	0.00104514549576084	0.000986737717356985	5.43310593367891e-10	0.0013395223402868	0.00136498962845961	5.96270868282968e-09	0.00121701142633439	0.001217433348788	1.539860006991e-09	0.00118279629369869	0.00115866415090895	1.05688988008356e-09	0.00126270800915197	0.00127193080044012	2.2066041068756e-09
18901	0.00104454817532082	0.000986186212778841	5.3583985771244e-10	0.00133883198906312	0.00136443318596845	5.7449443215655e-09	0.0012162651329564	0.00121678022362694	1.42240783325648e-09	0.00118207209245281	0.00115794156636835	1.04330360602026e-09	0.0012619627503144	0.00127118253533494	2.05105949487455e-09
19001	0.0010440022778876	0.000985664487242936	5.24730849187269e-10	0.0013378650695655	0.00136358856401173	5.34409464471522e-09	0.00121557935788901	0.00121597267969377	1.35668769189416e-09	0.00118135600010472	0.00115729502313094	9.86944969590226e-10	0.00126097169874092	0.00127049197548231	1.92024710548037e-09
19101	0.00104333795429124	0.000985081643810206	5.20119456260544e-10	0.00133709838200709	0.00136292362049352	4.88592601163349e-09	0.0012147833246497	0.00121522390133246	1.27690920756445e-09	0.00118053975452965	0.00115665614195425	9.59580653823305e-10	0.00126019878256554	0.00126979915034567	1.82744093247233e-09
19201	0.00104275470938903	0.000984587665298227	5.20898657096459e-10	0.00133627193881983	0.00136193230994236	4.81627897851335e-09	0.00121404289900691	0.00121451748283642	1.24707407864286e-09	0.00117974056616513	0.00115604110935577	9.07785658404098e-10	0.00125931151467083	0.00126923521511129	1.71941982344546e-09
19301	0.00104210725301851	0.000984084531078889	5.20898349694954e-10	0.0013354759278379	0.00136098302539055	4.63693699505062e-09	0.00121342429150917	0.00121380152457964	1.18390767184517e-09	0.00117902926345148	0.00115525359474857	8.76135778944582e-10	0.00125857867837429	0.00126869239146258	1.6422982403329e-09
19401	0.00104157463667728	0.000983591903903751	5.18259868008489e-10	0.00133477796506769	0.00136019400327845	4.26426495245283e-09	0.0012128318455309	0.00121311204240359	1.12205955722115e-09	0.00117809167003701	0.00115463624756308	8.33930392592154e-10	0.00125788421502396	0.00126808931944124	1.58507561092644e-09
19501	0.00104093391272115	0.00098294751595503	5.13752887634674e-10	0.00133383696024674	0.00135929484315119	4.28488397369254e-09	0.00121206825423159	0.00121233408869104	1.0793532215334e-09	0.00117726962486698	0.00115410029113003	7.92258474088012e-10	0.00125713729139315	0.00126741965108661	1.55858347760745e-09
19601	0.00104029532320752	0.00098242303168155	5.13752589078111e-10	0.00133298694635381	0.00135858950153902	4.23675679047592e-09	0.00121134426104222	0.00121153900774486	1.05114943544767e-09	0.00117651329934438	0.00115337996056794	7.51980983332478e-10	0.0012564086596442	0.00126677527386694	1.50809566249945e-09
19701	0.00103978133975562	0.000981833787935056	5.13752310222844e-10	0.0013323406221543	0.00135785442947208	3.81231363308457e-09	0.00121061694082451	0.00121062547655729	1.02345224272277e-09	0.00117569325094117	0.00115284818378494	7.39947429556897e-10	0.00125560246457562	0.00126626503442248	1.39785444153976e-09
19801	0.00103919070662533	0.000981335779403493	5.13752038220548e-10	0.00133146697001438	0.00135709782522155	3.45098646627392e-09	0.00120994621147464	0.00120976335434382	9.55675613207054e-10	0.00117495786318607	0.00115207984054487	7.22428445455588e-10	0.00125492834379041	0.0012655620553427	1.34365253142918e-09
19901	0.00103866051915071	0.000980943584202776	5.13751742242778e-10	0.0013307388512695	0.00135632441803315	3.62423061151797e-09	0.00120921193286857	0.00120926970850926	9.09159094104583e-10	0.00117428041332806	0.00115151040345462	7.32083239657654e-10	0.00125429260452199	0.00126499073532613	1.2529876818309e-09
