t	POCSmin	rNBKmin	NBKmin	POCSmax	rNBKmax	NBKmax	POCSmedian	rNBKmedian	NBKmedian	POCSquant25	rNBKquant25	NBKquant25	POCSquant75	rNBKquant75	NBKquant75
1	0.0190053261341632	0.0196351724020795	0.0159455533307981	0.0252103083743853	0.0272805898335055	0.0231609983104626	0.0224207390364443	0.0241649467302655	0.0185645081388107	0.0217718115177848	0.0232151739092335	0.0176560362565891	0.0234230175503023	0.0252685429744678	0.019608712417552
101	0.0164226312516027	0.0187804911524887	0.0118647630532685	0.0217377625344619	0.0258483010452633	0.017895682559776	0.0195476399512041	0.0229544289656629	0.0145589074805903	0.0188820152028034	0.0218821455114793	0.0134170199286372	0.020215180841279	0.0240815665618763	0.0152097881404568
201	0.0143753053056158	0.0178344614429763	0.00965703236457025	0.0195250917663726	0.0242794881380554	0.01378076137941	0.0172715048843314	0.0216692134154373	0.0113416083376883	0.0162486355986595	0.0208654514296681	0.0107251460832498	0.0178315887485379	0.0229679543458971	0.0122657428936144
301	0.0128901097425075	0.0170922755895139	0.00713716820945711	0.0176822668528296	0.0232285607342218	0.0118695235542132	0.0151936389677847	0.020511758847192	0.00929144933405635	0.0144706041917092	0.0197285850912667	0.00877740347799061	0.0158575445054826	0.0216246589433667	0.00994181778200862
401	0.0116782047007025	0.0163963029818084	0.00572776517368506	0.016070431241714	0.0219657183851217	0.0102227898955078	0.0134724590296617	0.0194649423841764	0.00752073891651191	0.0129977605435255	0.0188016903922769	0.00703484200137475	0.0142105502057987	0.0205485539764054	0.00816251785516249
501	0.0106419442988277	0.0155759309712032	0.00517673920057283	0.015095559680719	0.0210333430334455	0.00866870636748646	0.0123006158280871	0.0184515164042496	0.00636105016640047	0.011778656762865	0.0177882695216458	0.00582671445430258	0.0127502514606106	0.0194998893102391	0.00700006690255123
601	0.00941544033725405	0.0149840753790929	0.00402607402854665	0.0133125591682877	0.0200484641242245	0.0079875479017521	0.0110914784617291	0.0175361734587219	0.00552216109018959	0.0104893059168435	0.0169159117489607	0.00497256254879466	0.011617361484166	0.0184256120002498	0.00592778933177871
701	0.00861243223714496	0.0142113137932311	0.00339501667672726	0.0121027915528902	0.0189457358579157	0.00705155105200403	0.0101286202157566	0.0167553433103499	0.00462821596606738	0.00965800306031161	0.0160995951933091	0.00422383342242709	0.0106453079298567	0.0175274325138513	0.00522007320034054
801	0.00805031801248566	0.0134287585912848	0.00288084332150095	0.0111597464850727	0.0183464090098046	0.0062128597292431	0.00936782676896083	0.0160620209833571	0.00411122336946272	0.00890042339238855	0.0153069827979184	0.0036305899155433	0.0098433536696192	0.0166777716310276	0.0045649846678046
901	0.00729922143929925	0.012854906017251	0.00249112981161897	0.0104812166504489	0.017453393667999	0.00516752936214832	0.00867172040829215	0.0151864877776203	0.00347493634434165	0.00821541890076989	0.0146484455590611	0.00313243607572052	0.00911792802893005	0.0158259831658261	0.0038121811815728
1001	0.00680323070577675	0.0124619057076249	0.00224805076948752	0.00967384250634351	0.0167582470527952	0.00492610002154962	0.00800873535253844	0.0145202522624589	0.00309104414845566	0.00760922813973575	0.0139840958996458	0.00276602040632282	0.00853275419052528	0.0149917760467667	0.00343194848550761
1101	0.00615442407072912	0.0119404600304059	0.001891531007522	0.00881161480742711	0.0160618526855609	0.00408579975853076	0.00746670719147226	0.0139362986108141	0.00274370790989533	0.0071082899134402	0.0133311650455342	0.00240986547462438	0.00791025024283376	0.0144391651352094	0.00311407446563054
1201	0.00580206612262707	0.0113356585833253	0.00169677442404856	0.00846803641796389	0.0153767823696175	0.00376376548431697	0.00693557082119537	0.0133648888221497	0.00239029004637472	0.00663982820001475	0.012799847778685	0.00213824339164124	0.00742628737040038	0.0138473200418597	0.00268307567337991
1301	0.0054263796274123	0.0107103299517738	0.00146377407522742	0.00788411989123056	0.0148257910446509	0.00365814006035433	0.00659092305279254	0.012826729112929	0.00218085877414551	0.00614445902964009	0.0122317163115924	0.00190433478829176	0.00697394804314196	0.0132455235085963	0.00245472636613756
1401	0.0050672318554301	0.0102765932566889	0.00128853907840645	0.00724907625122405	0.0142897726947682	0.00272003459928664	0.00612654160788482	0.0123555468917439	0.0019381044115771	0.00569701637481326	0.0117480195240479	0.00170137626230735	0.0065454501922299	0.012721980902785	0.00220921607684515
1501	0.00467886037403973	0.00976818650733095	0.00118428028814982	0.007088734381536	0.0139472684395627	0.00256931739439966	0.00576523424457655	0.0118709451170161	0.00171942995002275	0.00536817081866719	0.0113707027982714	0.00155997856425132	0.0061674924893162	0.01221349191038	0.00201144957206828
1601	0.00444834487586114	0.00941307167928166	0.0011180276392658	0.006559788502007	0.013333419186501	0.00240763621982493	0.00541371083625342	0.0114258090751433	0.00158510870953317	0.00510957130084749	0.010915025648317	0.00144909633785732	0.00589986413541054	0.0117602806115302	0.00174602043850554
1701	0.00424433633043893	0.00903224107344395	0.00104046751713375	0.00623590807311934	0.0128279842180789	0.0022022100032849	0.00506468054514391	0.0109941805999717	0.00142683994160176	0.00481188798835427	0.0105725448386771	0.00129941700217431	0.00560745470237828	0.0113434544667705	0.00158078735515444
1801	0.00405568653523954	0.00877618473985266	0.000915162993978716	0.00578370281601354	0.0123617464899566	0.0018713664464064	0.0047949990357603	0.0105634394032311	0.0012996050129547	0.00455361215425049	0.0100938888927593	0.00118592560567316	0.0052675110357795	0.010919861344843	0.00144632904800281
1901	0.00378524965992633	0.00844256282886046	0.000816468763152984	0.00558319718471226	0.0119818545964411	0.00171861556225032	0.00457905271665963	0.0101783142878612	0.00118153665165944	0.004310272533383	0.00980125978583872	0.00107202448261751	0.00500713196245655	0.0105295036590889	0.00135090248967551
2001	0.00362660586323961	0.00815900851415674	0.000731468831585483	0.00538088460922607	0.0115185492360011	0.00155818499077994	0.00436119588425336	0.00980935934704275	0.0010971377441397	0.00409195310821221	0.00941063600557685	0.000977351535630655	0.00484494293356026	0.0101775164083391	0.00121724506195841
2101	0.00346584718373914	0.00797841465556254	0.000643074608590932	0.00512222270691752	0.0111843088648838	0.00157066255468256	0.00419710241715909	0.0095324770487307	0.000972721099384805	0.00388378930594895	0.00901329400304139	0.000897832412095167	0.00458344413782411	0.00982921796969487	0.00109967907254111
2201	0.00325507028361254	0.00776758040327898	0.000581342118166722	0.0048134399403477	0.0109230468749034	0.0013095479993594	0.00403022499955619	0.00919345672047982	0.000933952806923716	0.00368754699964655	0.00879030003765191	0.000803242121465962	0.00434435105375391	0.00955059669957379	0.00104684862989165
2301	0.00307243891986775	0.00757405207006324	0.000549515964175684	0.00468559425197575	0.0105826737066305	0.00122949713786811	0.00388226156041533	0.00888074314149583	0.000843751621638763	0.00353897614988392	0.00855273122486569	0.000728409893786285	0.00410207042001798	0.00923758194675788	0.00096171613885347
2401	0.00287597018096984	0.00732501525603154	0.000507741439814601	0.00449357435741319	0.0102227779102037	0.00118920788187336	0.00368736394760899	0.0086233962262142	0.00076820770987893	0.00336311742801525	0.00826153119827718	0.000647820831449442	0.00397500296467181	0.00898441704300523	0.000906917600229099
2501	0.00280257620903522	0.00703316938641873	0.000480631896587873	0.00433920203278963	0.00998363436006015	0.00111912071977675	0.0035357151699963	0.00835095105967186	0.000712870845042185	0.00326140072085819	0.00800851109468601	0.000610506136527199	0.0037829643615384	0.00869240851469791	0.000827745809177432
2601	0.00263002134688105	0.00681018576089192	0.00045920776055719	0.00418098454585603	0.00969212867359326	0.000927533778411735	0.0033575242089844	0.00814289067708364	0.000643445991916392	0.0031237130185638	0.00774614704906624	0.00055206709696271	0.00358558694594168	0.00841511509890663	0.000764596774683197
2701	0.00252256948845831	0.00665668702098264	0.000386020019053557	0.00416730569335633	0.0093896602084771	0.00086601968482772	0.00321250708225509	0.00792974902725663	0.000580781012785106	0.002996823159698	0.00752527380667251	0.000512852574224204	0.00349471233637823	0.00822195240241664	0.000694380156565846
2801	0.00245217889797667	0.00649916784567774	0.000356423608390061	0.00405506068082238	0.00920802051400658	0.000834666387137235	0.00309541495351163	0.00771432253493597	0.000535601277592786	0.00286739079005207	0.0073072137218775	0.000459357360385531	0.00342285842020982	0.00800128740195886	0.000636965967800537
2901	0.00231106924974714	0.00631140403874427	0.000322505683614973	0.00391269412527541	0.00888032989589659	0.000827796630654626	0.00295572936197321	0.0075222201452976	0.00051037317510084	0.00274046239600953	0.00710453571675138	0.000422850749150903	0.00325613255911091	0.00780263375605475	0.000600335533799554
3001	0.00222286241813372	0.00619937455254807	0.000295574756400458	0.00382526874405237	0.00870478724978096	0.00080373588279849	0.00285589965838058	0.0073031081907211	0.000465880591974763	0.00261266689382624	0.00689284473665795	0.000390989817396939	0.00313489018474742	0.00760542984041581	0.000557497340383906
3101	0.00216588910506629	0.00603689882334436	0.000263649442891297	0.00366558382079918	0.00857815357424471	0.000783479093122227	0.0027810388063037	0.00711697272844879	0.000444132406897369	0.00251477460326199	0.00671525746637643	0.000381983503269703	0.00305503554413818	0.00740042963114943	0.000497309748826203
3201	0.00206966818767192	0.00589465999592805	0.000235228885143316	0.00346863911674011	0.00835254325413136	0.00077935607065088	0.0026889100338482	0.00690952740999641	0.000396057385794063	0.00242167021881759	0.00654745071217858	0.000346202703204764	0.00296311356872549	0.00723508869123522	0.00047220391518028
3301	0.00199445636963393	0.00578122597858541	0.000226824710177588	0.00334147246841752	0.00812994324329573	0.000765735668360751	0.0025719031084842	0.00673470973362124	0.000372030280832645	0.00234169038674747	0.0063878649835549	0.000333014774919881	0.00280902753789055	0.0070728418623585	0.000439073026211174
3401	0.00192984281251773	0.00564931794209423	0.000212014167544476	0.00324861032590412	0.00793126962155759	0.000751528083140879	0.00245740737925285	0.00654434347674443	0.000354403944137983	0.00225717990981372	0.00623739353724507	0.000303849228525965	0.00274257030786536	0.00688514406478274	0.000400602804581052
3501	0.00183896379324423	0.00542522492950001	0.000197288307194949	0.00304964541043604	0.007803598835554	0.000746859740580875	0.00234849325329322	0.00641109386786066	0.000326706518728036	0.002200540140489	0.00608337939536517	0.000275463147501065	0.00263712779559841	0.00675492677256227	0.00036653956941326
3601	0.00177246974627766	0.00532007388465862	0.00018445168786184	0.00296039555674168	0.00767001815641002	0.000742687641555897	0.00227406768052821	0.00622756695170878	0.000307625233126757	0.00211419488610275	0.00594328715029206	0.000258357304576248	0.00254553225250879	0.0065840773079303	0.00034548013285511
3701	0.00170493614998563	0.00518898670499997	0.000180076608757469	0.00289198965644426	0.00746287969300159	0.000467963366333733	0.00219845854820789	0.00608415208845158	0.000277169102242658	0.00203220058676203	0.00581476933536705	0.000232768766272883	0.00249326331207272	0.0064201691333009	0.000326776239998473
3801	0.00165406669522259	0.00507805579455156	0.000161529040959396	0.00271680543502059	0.00726029638425992	0.000414162982076278	0.00209715056844563	0.00595640125612028	0.000255950920788751	0.00194103983359447	0.00568636955786064	0.000220120890449607	0.00243974253038662	0.00627960259455844	0.000304477157679168
3901	0.00160641218421437	0.00495289662963261	0.000144642336054448	0.00267824563142696	0.0070994974598554	0.000394891623726054	0.00204515830301237	0.00580149971314607	0.000242591836919698	0.00189197198758159	0.00555042690591309	0.000206360330452085	0.00234816638487438	0.00614923971924502	0.000274696759210985
4001	0.00153751864129106	0.00479467867135829	0.000141452278489378	0.00263219575869552	0.00697762116994414	0.000387502620458278	0.00198768551141622	0.00568046084110902	0.000222965685784811	0.00182242423337003	0.00541561225708308	0.000199025665237156	0.00228619481845499	0.00600009671064037	0.000257964141750514
4101	0.00148081630616156	0.00463700735067453	0.000131710730051559	0.0026248971826459	0.00681342571142825	0.000321254771130654	0.0019528688607908	0.00556212194932995	0.000208153640341656	0.00178016583040097	0.005323325716993	0.000179035000643412	0.00219407148449474	0.00586110898567623	0.000244682235154206
4201	0.00143876639351575	0.00457259472893704	0.00011548340347024	0.00249809160894822	0.0066513654591991	0.000299113679317403	0.00188388429081353	0.00542882142486605	0.000195563001146939	0.00170924136508551	0.00521472698601172	0.000162918800668529	0.00212979309493138	0.00573810357484141	0.000226406097072259
4301	0.00138759634134749	0.00446153711591887	0.00011083647187552	0.00243763089922269	0.00650001623866446	0.000292035709509313	0.00182976921980844	0.00533002273980803	0.000185736563192725	0.00165498986090262	0.00510437312978171	0.000154344492801126	0.00208062467962694	0.00562620372765966	0.000212288181162405
4401	0.00132286340958539	0.00437977515932729	0.000103675803669304	0.00235038273116254	0.00640456352581734	0.000260704964806327	0.00177634333785762	0.00521393839840833	0.000167901689006822	0.00160714623450319	0.00498835037738573	0.000136263222519717	0.00202400360177624	0.00554055096375367	0.000203605370826316
4501	0.00127515927714491	0.00430503459986311	9.97804442271613e-05	0.00232425343425345	0.00626163764892271	0.000245555692808891	0.00170847667891101	0.00509980941669103	0.000154351221163589	0.00154780102161205	0.00489270028753642	0.000125896656729403	0.00194299609688224	0.00543428462140578	0.000190448889112798
4601	0.00123434441498637	0.00425434625671611	8.42501935917333e-05	0.0022800061164814	0.00617274157976774	0.000236930368253243	0.00165921279790162	0.00499901447441048	0.000145772161351453	0.00150512232558424	0.00478475895839073	0.000118907030804705	0.00190804848738172	0.00535535445360043	0.000179013044369368
4701	0.00120709623455523	0.00418116626502601	8.6438542172644e-05	0.00225609309556307	0.00606423208913831	0.000221832412730728	0.00161098551561579	0.00492210010726252	0.000138592293181384	0.00146650600606151	0.00469378504767776	0.000107782939605354	0.00186288048146153	0.00521731862677192	0.000169817060201583
4801	0.00117679105974024	0.00408476868566789	7.84779074273115e-05	0.00222568765715528	0.00599151613057133	0.000222714697708124	0.0015682073201597	0.00482372377545283	0.000131884523070736	0.00142274291192051	0.00460367996177918	0.000104303808065951	0.00178992876088641	0.00512089715230484	0.000153237289220396
4901	0.00115234670961172	0.0039957157075119	7.28037118213587e-05	0.00214978640731751	0.00591825348112708	0.000194183050821966	0.00152091283796172	0.0047261732632062	0.000121044291619327	0.00138208242080484	0.00450831979624947	0.000100328336482073	0.00172556419066494	0.00500950530205436	0.000142642827681476
5001	0.00111915423003132	0.00393075418943553	6.80160912603174e-05	0.00206012220375648	0.00581791584976106	0.000179887952978626	0.00148376361918243	0.00465524386871718	0.000113259009589676	0.00132917427378474	0.00442137997553781	9.07099871800786e-05	0.00169049042917428	0.00492423326203298	0.000133501325567758
5101	0.00108714244895374	0.00381034404970016	6.31262721801696e-05	0.00195406811092798	0.00573091156581451	0.000154207337274929	0.00143990946130467	0.00458640190946209	0.000107012260592996	0.00128353424618111	0.00434995624903161	8.67400131339239e-05	0.00163951583932213	0.0048332998907477	0.000126857035116752
5201	0.00104804046007986	0.0037407218259588	5.43872104469852e-05	0.00193157890218393	0.00563911874194154	0.000144228041863537	0.00139193265015015	0.00448072041194077	0.000102124828183092	0.00124872864973882	0.00427199327614266	8.03137456106228e-05	0.0015912264705127	0.00472793968196328	0.000121616017179773
5301	0.00102607700284263	0.00365887725894546	5.00497036957432e-05	0.0018959273228628	0.00553305547068505	0.000139003887498978	0.00135040407838465	0.00439318375407136	9.19802049720994e-05	0.00121800763027813	0.00418969460364671	7.36414846086956e-05	0.00154963297607583	0.0046432194021363	0.000115128718055608
5401	0.00100685595145601	0.00359281782812365	4.43585263310799e-05	0.00182139414970941	0.005452940834998	0.000132968491211417	0.00131065511082427	0.00433648490699221	8.66406135296746e-05	0.00118111376088657	0.00412103911965666	7.00099097749072e-05	0.00150680851984708	0.00456829091083688	0.000107995421676125
5501	0.000971303988914113	0.00352510606630648	4.47212699292222e-05	0.00176195426695914	0.00532304083108249	0.000130589315373689	0.00125290656786456	0.00427208196131651	8.12897032449415e-05	0.00116554020467735	0.00405592753483375	6.24607055361261e-05	0.00147230686714883	0.00447594086817124	9.85407572881599e-05
5601	0.000939701466229548	0.00345554423788375	3.93977627810464e-05	0.00173693690604409	0.00521854274129459	0.000126233690478326	0.00122606238863074	0.004191477570534	7.61805122133515e-05	0.00113515607876496	0.00398762241876706	6.03686292490994e-05	0.00145296927288205	0.00439793429399536	9.26567105374954e-05
5701	0.000919318735730072	0.00339125650600228	3.54755699357005e-05	0.0017076950688901	0.005153547144152	0.000113502785573663	0.00118011886098289	0.0041179564884066	7.155488059221e-05	0.00110622447976216	0.00391913065276546	5.66258604447514e-05	0.00141401779086211	0.00433635679719507	8.62875452426134e-05
5801	0.000903318070035936	0.0033264234424833	3.3598236510994e-05	0.00163785221371808	0.00509647425290566	0.000105121733516167	0.00116202147041401	0.00404290828856355	6.71544515998324e-05	0.00107208846204812	0.00386024009014062	5.20197258387356e-05	0.00136845970844552	0.00425520695459576	8.20387194200409e-05
5901	0.000850395818307307	0.00324870829320774	3.05096292831712e-05	0.00160549269869242	0.0050122557626099	9.94788659958644e-05	0.001127661529402	0.00397704521673121	5.91926760002038e-05	0.00103702535894935	0.00378880983200023	4.78582880364659e-05	0.00134104397333059	0.00419072786747961	7.56622260967239e-05
6001	0.000836966453283101	0.00318451345269136	2.97626858017835e-05	0.00157386171714963	0.00494177281503743	9.16988883164902e-05	0.00110471377479078	0.00392250188552496	5.53691464974899e-05	0.00100791013863605	0.00372844667829399	4.37633619028433e-05	0.00130089948298744	0.00412832128054034	7.10292807534824e-05
6101	0.000808981678156311	0.00312983129956037	2.76943443849402e-05	0.00154380456891937	0.00487710373661619	8.11466147929809e-05	0.00107465765297775	0.00384780125431579	5.20747516853258e-05	0.000983405736823466	0.00365342964291493	4.14704401402088e-05	0.0012730226063024	0.004061525115359	6.57537301040924e-05
6201	0.000777056251952615	0.00306634587244656	2.60000296309906e-05	0.0014631828139123	0.00481530978500147	7.75573028012264e-05	0.00105180277080897	0.00378383291958331	4.94745337910991e-05	0.000959882416172967	0.00360996897637484	3.91522356257991e-05	0.00124218856298981	0.00399226881618567	6.10074500648537e-05
6301	0.00076091293967998	0.00301959105832224	2.36894011484633e-05	0.00142025955882784	0.00476472076413673	7.08078926281703e-05	0.00102245429879594	0.00370987217697236	4.71049153478908e-05	0.000937240170733618	0.00354964181497437	3.59278097173355e-05	0.00119819105806605	0.00393434644373485	5.78445939639529e-05
6401	0.000737927754119373	0.00297882461878063	2.29379799182649e-05	0.00139448999057794	0.00469597899527616	6.70636922691631e-05	0.00100164078354407	0.00366168484216927	4.44602438981613e-05	0.000909614189499649	0.00350137398081583	3.30522299284758e-05	0.00116578803350571	0.00385474104162472	5.55182624197646e-05
6501	0.000723452417025259	0.00292088190129948	2.11483550484261e-05	0.00136814035122297	0.00460247824438946	6.29198381519157e-05	0.000959467168157668	0.00361523601945181	4.15254141110688e-05	0.000889353015742787	0.00345294884176309	3.06935613093758e-05	0.00114271958361871	0.00380686332092396	5.23213950085059e-05
6601	0.000699169823056788	0.0028659087957764	2.01501636174288e-05	0.00134212016463787	0.00452244686361886	6.03045028132185e-05	0.000937174858946466	0.00356015993287874	3.99901053540384e-05	0.000867798742068568	0.00341124534135817	2.88776497391474e-05	0.00112926489620131	0.00376400395968496	4.86624355696878e-05
6701	0.000675953777639555	0.00281541855498225	1.9941321402954e-05	0.00129563541691144	0.00447647767402185	5.62102947941914e-05	0.000925672312245233	0.00350970034575907	3.73349622983583e-05	0.000846062989881764	0.00334906108922549	2.77959449786872e-05	0.00110276436102574	0.00371055593306718	4.74585792187091e-05
6801	0.000657190830515699	0.00277003913504203	1.71454266986883e-05	0.0012687738334242	0.00443221514938345	5.43122503618833e-05	0.000898158587250422	0.00344425019172213	3.48563753723048e-05	0.000823290324375221	0.00330378935215202	2.62218543458151e-05	0.00107185503783408	0.0036577596890265	4.3453427359412e-05
6901	0.000648343542848582	0.00274462226214426	1.60650105851897e-05	0.00123231254797389	0.00437735767986957	4.87468342970994e-05	0.000885146725239604	0.00339153330098558	3.23255825613655e-05	0.000804222615489073	0.0032692017535167	2.37848444779062e-05	0.00103316155502156	0.00359977830344086	4.08952542914029e-05
7001	0.000628076640042737	0.0027035180254351	1.48163799935496e-05	0.00121618546134719	0.00432503202131391	4.66763149775325e-05	0.000855949583634403	0.00334656329896589	3.03763054913447e-05	0.000786865781790805	0.00320553814402158	2.27894772182638e-05	0.00100910695594277	0.00355120196601393	3.85347890738749e-05
7101	0.000621307649920095	0.00266389527218979	1.44423230326064e-05	0.00116602208291635	0.00426940678242874	4.45021262898254e-05	0.000840786149821349	0.00331254340681836	2.84065534165718e-05	0.00076911233881743	0.00316199756817046	2.11659567291817e-05	0.000986479006170875	0.00349532981257513	3.57152509850301e-05
7201	0.000609011543717179	0.00261046889549126	1.28663495582465e-05	0.00114407321980283	0.00422978062591264	4.15320113010165e-05	0.000821129783712249	0.00327200516296117	2.659078457282e-05	0.000750503967882883	0.00311171863382073	1.92086071509487e-05	0.000968597653953625	0.00346400661060981	3.42101523454869e-05
7301	0.000602316457864436	0.00256174903384655	1.18010857763195e-05	0.0011234573007641	0.00416111717440398	4.10070553576419e-05	0.000803675249525662	0.00321404787012197	2.52712688956863e-05	0.000734071268142122	0.00307151936122974	1.91508045191498e-05	0.000945511404214842	0.00341558617974652	3.18241750981139e-05
7401	0.000596173543432531	0.00252328977323706	1.16388074593508e-05	0.00109527596723149	0.00413262625134832	4.06419093782947e-05	0.000772144912901543	0.00316213342790173	2.35962068854932e-05	0.000706214356715902	0.00303261033856795	1.78831413554041e-05	0.000926064981477671	0.00336128474661915	2.96358371635772e-05
7501	0.000574117729095748	0.00248091831409197	1.07192102820293e-05	0.00108249891121969	0.00409865557288806	3.61503600597575e-05	0.000758764646958609	0.00311003320959351	2.24842240349984e-05	0.000685604452434184	0.00298926551176211	1.63815823871088e-05	0.000907906096835185	0.00331447555323624	2.82000055682567e-05
7601	0.000556063727795299	0.00245373816392584	1.01151421401003e-05	0.00105259587085287	0.0040485143908835	3.47134904360849e-05	0.000735509089632122	0.00307815883930867	2.11510189310452e-05	0.000667032607674296	0.00294844987901479	1.54091316821061e-05	0.000887562095559928	0.0032644489586821	2.62178713195387e-05
7701	0.000543604880223819	0.00242987138647946	8.95768689724085e-06	0.00103177436782759	0.00400643486580057	3.35848720100132e-05	0.000719111716326988	0.00304323219173474	2.03025172525504e-05	0.000655307345386597	0.00290309181143917	1.46924504450849e-05	0.0008655835913944	0.00322017766414452	2.48122196036496e-05
7801	0.000521751411736469	0.00240072485590495	8.78858115754642e-06	0.00101313435342981	0.00395643303950531	3.30546573928507e-05	0.000706274359027888	0.00300169101135491	1.86685413198876e-05	0.000640019670303827	0.00285688758867657	1.366307695931e-05	0.000844051366626938	0.00318168149756798	2.33125223777261e-05
7901	0.000512412772667045	0.00237602381438797	8.10836479605753e-06	0.000991408501455662	0.00390173654460355	3.18863296488665e-05	0.000689345162229549	0.00296355313824104	1.78165724466506e-05	0.000624514046629291	0.00280956815882684	1.28325822430794e-05	0.00082504166045885	0.0031277779584488	2.18301879274551e-05
8001	0.000492919285272781	0.002338219206942	7.38585341985607e-06	0.000966503017323724	0.0038665133095119	3.0853595164919e-05	0.000674476968973196	0.00291144002423013	1.67476161933957e-05	0.000608674287726208	0.00277829773849458	1.18189534577576e-05	0.00081211406922655	0.00309434602722842	1.97210221976852e-05
8101	0.000472093583612704	0.00231418384969454	7.04397795692663e-06	0.000958498112513999	0.00382377101542987	2.93739957792652e-05	0.000656680358677143	0.00288321122631582	1.54938700930398e-05	0.000592838025926901	0.00274284563259528	1.11282410461844e-05	0.000794280413811126	0.003059409790947	1.94084618998603e-05
8201	0.000460389758029891	0.00228941139720218	6.22510899833214e-06	0.000933517605683086	0.00377140698925999	2.61826644243979e-05	0.000637796120061449	0.00284074947184028	1.48323722929794e-05	0.000577912808304503	0.00270918532983456	1.02282205520996e-05	0.000776513564440845	0.00301519432404096	1.82023944963515e-05
8301	0.000449253987323075	0.00226362746750233	5.96447313501426e-06	0.000919092589847547	0.00374109300372715	2.47260460513057e-05	0.000624979637633342	0.0028038615565295	1.41119187132055e-05	0.000565811710556627	0.00266416318268017	9.5879404567097e-06	0.000762516258117229	0.00298560393486704	1.75115125898624e-05
8401	0.000436655840896925	0.00224310660899192	5.336392405153e-06	0.000907463832918268	0.0037153603506129	2.3847180689166e-05	0.000615090090231025	0.00277719509339937	1.37832350866176e-05	0.000548635404606761	0.00263078477747495	9.08991070473083e-06	0.000747593221607563	0.00293806775088678	1.56979972419628e-05
8501	0.000432125718110692	0.00221327068729704	4.92189380336146e-06	0.000885201383679792	0.0036683784655988	2.34861389990972e-05	0.000591766768473679	0.00274936252292632	1.23809842815951e-05	0.000537744456095007	0.00259199983339278	8.58052042973381e-06	0.000726553919461828	0.00290780159072007	1.51143098592574e-05
8601	0.000419508591944707	0.00217223438183773	4.61421515308178e-06	0.000861769415479823	0.00360526516719667	2.24051507698987e-05	0.000577205645735491	0.00271582823477621	1.19665464824758e-05	0.000529715846645879	0.00255381727132984	8.24730919848822e-06	0.000709109534234298	0.00286736165998226	1.41856703251511e-05
8701	0.000414731151566863	0.00214568831738885	4.39628611882946e-06	0.000860610845250598	0.0035553888719177	2.17446367792573e-05	0.000566613717240077	0.00267583093494844	1.12711110945454e-05	0.00051449625204605	0.00251216739073084	7.42297154643433e-06	0.000686395378673878	0.00283698046702774	1.35550387578682e-05
8801	0.000399959990519157	0.00212281232962529	4.1979214525985e-06	0.000838967687366194	0.0035102740865114	2.1536383454849e-05	0.000556809678205217	0.00264137800930178	1.08337133090957e-05	0.000503868531586502	0.00248124980155163	7.02011224400011e-06	0.0006648279986191	0.00280194457613077	1.30564993773223e-05
8901	0.000391461641690632	0.00209268493774579	3.80417346573142e-06	0.000806746790027871	0.00347388179985137	2.11918473444538e-05	0.000541053801666653	0.00261237249651373	1.01262337909006e-05	0.000490864012863113	0.00244414736716094	6.68105662931993e-06	0.000650693885952771	0.00277485890657215	1.24253486357845e-05
9001	0.000381172922723867	0.00206137496797789	3.48467794981872e-06	0.000797757116407282	0.00343095308667792	2.08584787910159e-05	0.00053319398624135	0.00258267311844928	9.28297683560831e-06	0.000476910643942632	0.00241682248563249	6.39431527438384e-06	0.000639085921779582	0.0027306756137004	1.12217307259642e-05
9101	0.000367280726166078	0.00203065892557437	3.45936692698547e-06	0.000774592481846615	0.00340046428113375	2.06557697212322e-05	0.000522669727710651	0.00254394107329547	8.67408460910597e-06	0.000468446270082236	0.0023901578139342	5.9453232028522e-06	0.000627701227553909	0.00270042889125458	1.05862826271529e-05
9201	0.000355844857322919	0.00200038821509004	3.28924541254646e-06	0.000758945799759948	0.00336619959200878	2.03659917181044e-05	0.000506284916759717	0.00251256179832506	7.94360740408618e-06	0.000460063684713884	0.00235466401297429	5.71237683618567e-06	0.000613265345753915	0.00266704651538911	1.00336437855872e-05
9301	0.000349718382124438	0.00197575005769984	3.01216798195347e-06	0.000746270029725122	0.00334700573857717	1.99187388327863e-05	0.000499742517055513	0.00248225941789332	7.67083600567944e-06	0.000449655129962731	0.00231323011784302	5.48065373188353e-06	0.000602423327544394	0.00264095071269177	9.2865069455554e-06
9401	0.000342157364118143	0.00194475598866682	2.82461286056596e-06	0.000731768813484872	0.00330337653237486	1.53811150720207e-05	0.000491445708961532	0.00245763627030999	7.04385185937926e-06	0.000439446571250453	0.00228575349857805	5.09562645024993e-06	0.0005945909993353	0.00260173480874499	8.72929132174563e-06
9501	0.000334313445740349	0.00192403811029847	2.46262228080537e-06	0.000721031879372978	0.00328058370096297	1.43436484675987e-05	0.000480962321014413	0.00241804658926288	6.63510807549577e-06	0.000428578847934139	0.00226050513234329	5.00899609540182e-06	0.000580400802353361	0.00257510396937623	8.56423492167209e-06
9601	0.000324492612588708	0.00190421320759102	2.28237281755497e-06	0.000711948646696963	0.00324872346735848	1.32164017336726e-05	0.000469023363495241	0.00238663406747562	6.12990383476477e-06	0.000421530302595251	0.00223821482531653	4.55919940064911e-06	0.000572917798366695	0.00254976529202039	8.04270134456901e-06
9701	0.000312618933811883	0.0018835782981484	2.20829559384974e-06	0.000693994418786891	0.00321780885333337	1.31371440244366e-05	0.000458812393151101	0.00236309194185984	5.87608993440617e-06	0.000413664857394296	0.00220943632002608	4.33525811907999e-06	0.000560718297170672	0.00252024481048855	7.50926520413178e-06
9801	0.000303313266351603	0.00184832776874029	2.14520228549241e-06	0.000682371874123191	0.00318617731165606	1.29498130946968e-05	0.000449360505536858	0.00233019616956492	5.48530988843542e-06	0.000405095674238947	0.00218885818585474	3.92632102708405e-06	0.000550474316185748	0.00249146690845101	6.99807941988014e-06
9901	0.000292400435631832	0.00182281478425109	2.05912046649929e-06	0.000677430038440748	0.00315189483561746	1.20667068300011e-05	0.000435064310690791	0.00230553454023077	5.17850426111469e-06	0.000393019739375985	0.002170246055325	3.60469225339576e-06	0.000534591328991482	0.00246929096940038	6.92717663243599e-06
10001	0.000286809931560837	0.00178736873921243	1.74826344367935e-06	0.00065552840383057	0.00310404175295056	1.05355930607212e-05	0.000427929948381006	0.00227599693228834	4.88985712204741e-06	0.000383005259633989	0.00214399075063777	3.44428818597444e-06	0.000520322569592814	0.00243956797167852	6.37551255111535e-06
10101	0.000285125078392574	0.00177084012916581	1.71668115638648e-06	0.000649010382257721	0.00307555879215882	9.78915605980927e-06	0.000421295107059256	0.00225404157008498	4.62540649360426e-06	0.000371914106099794	0.00212273385614231	3.2387092359209e-06	0.000505825784176682	0.00240345583353507	5.82395386579768e-06
10201	0.000277927996335324	0.00175097915908629	1.64571998778815e-06	0.000626904013939608	0.00303458709114977	9.48358495434561e-06	0.000413631189577233	0.0022251460714093	4.25733130886038e-06	0.000362048960219281	0.00209715503912523	3.03860099667878e-06	0.000494851736502459	0.00237380302036852	5.79106073766628e-06
10301	0.000265531340759267	0.00173006177260816	1.51996319176035e-06	0.000617236469189328	0.00300810703324646	8.61090155387299e-06	0.000403637063829874	0.00220698752792733	4.15926837448773e-06	0.000356873052534563	0.00207186709052322	2.8200862175693e-06	0.000487832962473683	0.00234195627504725	5.24143581508359e-06
10401	0.000259651384279643	0.00171125015897366	1.44630056593085e-06	0.000606636629074542	0.00298265089305148	8.02930290202948e-06	0.000394048143965237	0.00217476173038764	3.86840802353053e-06	0.000348802270743248	0.00205024083978267	2.6702318114744e-06	0.000480417063263866	0.00231193055384957	5.08478192914503e-06
10501	0.000253211600868009	0.00168719101423871	1.27247478406026e-06	0.0005968008216879	0.002954036737315	7.79539879727664e-06	0.000385549143583658	0.00214928582678203	3.66283845006829e-06	0.000342874607961007	0.00202796222923175	2.67962949341603e-06	0.000470252689913627	0.00228902250859817	4.84704125824592e-06
10601	0.000249537343162658	0.00165793312156774	1.16383785752886e-06	0.000582905729259859	0.00291488650316689	7.21606197440345e-06	0.000377973083892916	0.00212542485506628	3.35871712905542e-06	0.000333185383559859	0.00199942821422732	2.42915787959142e-06	0.00045729370994732	0.0022567200019377	4.34932591864301e-06
10701	0.000242081976908753	0.0016387928845318	1.06568762972573e-06	0.000575459136973425	0.00289586884078351	6.94539229022985e-06	0.000368881638692096	0.00209924051796131	3.15081794725824e-06	0.000328815053577345	0.00197954483877365	2.20399403345856e-06	0.000450055276121952	0.00223102427897339	4.10160914767765e-06
10801	0.000233464421202581	0.00161144935403578	1.01490619598354e-06	0.000562877247902218	0.00286009807858144	6.42573282249058e-06	0.000363174272927248	0.00206800349517451	3.00826628615964e-06	0.000321579659504874	0.00196024448655989	2.14409564458067e-06	0.000437525837456155	0.0022042454915564	3.82376727021582e-06
10901	0.000228011594271957	0.00158906870125471	9.58016672817023e-07	0.000560388168465003	0.00284327133140278	6.20973099619411e-06	0.000356017785581481	0.00204685106895437	2.82888770730151e-06	0.000315850006411864	0.00194430308850626	2.00740609667018e-06	0.000430053983915019	0.0021843749458168	3.62915438755275e-06
11001	0.000224286598240609	0.00157103358375515	8.59765669857461e-07	0.00054046211601466	0.00282124259194402	5.61710342469532e-06	0.000351487700084125	0.00201951900289373	2.68569506275078e-06	0.000308799778151669	0.00192166052441206	1.83943328065301e-06	0.000421856161498316	0.00215872840702302	3.5415731768578e-06
11101	0.000220602191228258	0.00155603834011376	8.38960383306262e-07	0.00052646740093717	0.00279969744147092	5.40802013267796e-06	0.000342420398027556	0.00199993414112387	2.5210235275379e-06	0.000302620094386618	0.00190072644625882	1.77201437760448e-06	0.000416246734448194	0.00214502880283213	3.37246151632e-06
11201	0.00021556080045201	0.00153188337571599	7.56405513796421e-07	0.000521482149325237	0.00276883454739369	5.20737274332279e-06	0.00033502697494958	0.00197131648552346	2.41509094607482e-06	0.000296169526396469	0.00188148370046783	1.66091754074295e-06	0.000408413359452353	0.00211452630320612	3.15370214358025e-06
11301	0.000212389532978032	0.00151384750770375	6.79363957324509e-07	0.000512359442263614	0.00275089020564705	5.10834927865878e-06	0.000330702270676335	0.00194999737931079	2.2578500635235e-06	0.000290198048338769	0.00185442850738889	1.53112207798858e-06	0.000403074605751915	0.00208833134441669	3.07391449721782e-06
11401	0.00020549170242562	0.00149417575706868	6.70328562352195e-07	0.000509837964651394	0.00272095844430086	4.5389580473052e-06	0.000325889385180134	0.00193209444004412	2.06571872448499e-06	0.000282718705582119	0.0018285048423188	1.4473633629607e-06	0.00039360702935498	0.00206710372930311	2.80316678995525e-06
11501	0.000201855415176757	0.00147326040338517	6.36038043509234e-07	0.000495249786188775	0.00269041292291663	4.48914348431635e-06	0.000315206876841636	0.00191338435018769	1.96991423395829e-06	0.00027599686081006	0.00180059489584355	1.43060352670773e-06	0.000385664306546713	0.00204684608167145	2.57093588223009e-06
11601	0.000197289222557293	0.0014505715375318	6.10842523554148e-07	0.000479292406115136	0.00265484820662555	4.27544629311275e-06	0.000308426319420301	0.00189248485874508	1.82183740366035e-06	0.000269216065947203	0.00178353188172255	1.3643106113964e-06	0.000376910115919299	0.00202425238088995	2.37568302790946e-06
11701	0.00019474716344806	0.00142688283990416	5.5348051694964e-07	0.000461411126603049	0.00262714585544755	4.17681091281752e-06	0.000304933953578919	0.001866121248351	1.74375228814503e-06	0.00026396552795956	0.00176364229913345	1.29110103809148e-06	0.000372496770053958	0.00200621509567608	2.28339577847613e-06
11801	0.00018928488489733	0.00140920691299879	5.41229720865319e-07	0.000459594944659418	0.00259986430567678	3.85651547053941e-06	0.00029853948719275	0.00184445795236358	1.64919147195887e-06	0.000259136392767995	0.0017435726870393	1.15978674697886e-06	0.000365306834592785	0.00198512486327905	2.13615466423946e-06
11901	0.000185784835009543	0.00138916762308134	5.29255468049461e-07	0.000448132595429237	0.0025811519560498	3.52215094372299e-06	0.000292277086643876	0.00183107443010451	1.49359981566547e-06	0.000253751329221095	0.00172513560572199	1.07604824485138e-06	0.000355437419049166	0.00196830964986324	2.02420486790916e-06
12001	0.000185098505401684	0.00137424676803501	4.96941928498971e-07	0.000450736291677005	0.00255518942288456	3.44552545439685e-06	0.000284540917093297	0.00181055117463895	1.45367899651323e-06	0.000246544403118878	0.00170948065928901	1.03398576184927e-06	0.000349828789571166	0.00194674532222828	1.93303994115944e-06
12101	0.000181425003216124	0.00136253137462295	4.41478642298392e-07	0.000444437722862118	0.00252659684859097	3.33390773358425e-06	0.000278117649368012	0.00178865816783786	1.3389919276285e-06	0.00024282341445222	0.00169413582025581	9.28472606087682e-07	0.000345608248689155	0.00192571749714237	1.8214183658091e-06
12201	0.000176754932327201	0.00134522663168819	4.16344156144211e-07	0.000429370033293565	0.00250514201381515	3.21141001207049e-06	0.000271974250408847	0.00177524358521519	1.29412912547144e-06	0.000237850090839135	0.00167263612060035	9.33787342917859e-07	0.000337715814177973	0.00190418336686456	1.71031763403825e-06
12301	0.000172583085769177	0.00131657342136865	3.93708073780052e-07	0.000428467466416141	0.00249442019146526	3.07469425272136e-06	0.000268556909092366	0.00175188099973281	1.20115279734468e-06	0.000233142135238786	0.00165859784791233	8.85581485574411e-07	0.000328207804017782	0.00188362157258302	1.64863832174467e-06
12401	0.000168574643246218	0.00130394597725123	3.52125959981511e-07	0.000428447916011305	0.00246952080638875	2.75967323784603e-06	0.000261362560604385	0.00173315288919808	1.15637589986119e-06	0.00022872184687168	0.00164058681975556	8.28898447022826e-07	0.000323440944707331	0.00186747970006614	1.53566546723015e-06
12501	0.000161877777131115	0.00129068024611365	3.14837759152837e-07	0.000414647146874767	0.00245458345178893	2.65717252939123e-06	0.000255731467008537	0.00171243188358911	1.06496063824979e-06	0.000225210763112192	0.00162175236757566	7.76040405955508e-07	0.000318184728237882	0.00184684046932766	1.39328739540549e-06
12601	0.000160105370300953	0.00127694036174383	3.09051892299538e-07	0.000395394287835949	0.00243568611281864	2.47697424190325e-06	0.000251771601314475	0.00169579205919737	1.02739403322356e-06	0.000219432297528447	0.00160557503977056	7.28699211485674e-07	0.000309238130825095	0.00182947900030384	1.34262744892361e-06
12701	0.000156655853673639	0.00126139697649426	2.83907802759586e-07	0.000391814779087436	0.00240851400927011	2.38131405580064e-06	0.000247415542602118	0.00167865730222523	9.76699275254257e-07	0.000213445989145547	0.00158864388388861	7.02918825776457e-07	0.000303181431507297	0.00180837456314967	1.28122422878983e-06
12801	0.0001518693177347	0.00124410479686903	2.59186009528e-07	0.000388198484544084	0.0023946939246966	2.23421729049728e-06	0.000241853812974298	0.00165753277417413	9.20921896105951e-07	0.000210440560930614	0.00157862323269311	6.68269872779772e-07	0.000296323434198605	0.00179204714635137	1.21391458164298e-06
12901	0.000148925310302696	0.00123108101828183	2.47408456279091e-07	0.000376029184150311	0.00237377035244507	2.09426111484721e-06	0.000238411788346302	0.00163837596957613	8.7520957916585e-07	0.000209868145802372	0.00156288229359478	6.25157989639494e-07	0.00029139785556972	0.00176724061362303	1.16455132571612e-06
13001	0.000142906429049318	0.00121576666330905	2.30928839416836e-07	0.000369849661067883	0.00235372527648744	2.0217928804558e-06	0.000236093061982947	0.00162459614812767	7.97018172607054e-07	0.000205253823740796	0.00154549140103274	5.73474589325572e-07	0.000287501558788245	0.00174848107941949	1.13567911456937e-06
13101	0.00014030393508447	0.00120235541267201	2.10457069319589e-07	0.000359260749189683	0.00233609061138505	1.94561090465175e-06	0.000229832882958101	0.00160530417190517	7.54455418130437e-07	0.000202737795840859	0.00152901993133308	5.44339484875903e-07	0.000281045283484517	0.00172701150765829	9.87328037268577e-07
13201	0.000137681831118482	0.00118707510186945	2.13474730963215e-07	0.000350711172720183	0.00232238417539011	1.8199598239985e-06	0.000224889487561567	0.00158987674021944	7.1235453803595e-07	0.000197451482588326	0.0015131657328853	5.07086047883518e-07	0.000276969394155191	0.00170642572472564	9.63307204752878e-07
13301	0.000132816801713707	0.00117213773552868	1.94175905295037e-07	0.000344830938012788	0.00231000913417128	1.79949100329815e-06	0.000222038299546845	0.00157704712989949	6.64272227592286e-07	0.000191864318964443	0.0014972064718992	4.82463942595045e-07	0.000270973853368063	0.00168603701508442	9.13242595963542e-07
13401	0.000131237837750027	0.00115720393233076	1.65065665223359e-07	0.000341550460808958	0.00228696347939057	1.68362400480259e-06	0.000219668011971423	0.00156641730338553	6.18135416156928e-07	0.000186767585762441	0.00148365968689582	4.61013776080821e-07	0.00026771509743951	0.00166871902958574	8.498272857161e-07
13501	0.000126325734079434	0.00114516688784842	1.4917633454055e-07	0.000334988352976623	0.00226635062234764	1.5399193845304e-06	0.000214275880657696	0.00155203189909993	5.88311809842681e-07	0.000184467359928163	0.0014740880700238	4.31621433058747e-07	0.00026154956450797	0.00165157136036614	8.06873605049138e-07
13601	0.000124323586422199	0.0011343856428999	1.41017781252356e-07	0.000332421267643679	0.00223235084447766	1.5741915251004e-06	0.000209068643449643	0.00153687158369726	5.40539711996763e-07	0.000178865185780482	0.00145799960564929	3.98611225651635e-07	0.000256529631822182	0.00163865731816181	7.45928861575577e-07
13701	0.000122369623632596	0.00112413385214735	1.28977951845013e-07	0.000325653147114021	0.00221536447404322	1.48254067512241e-06	0.000204903230045093	0.00152242633771756	5.14824882608697e-07	0.000177211216450476	0.00144649307342419	3.74131238420928e-07	0.000249735399213174	0.00162568016196748	7.29389476789666e-07
13801	0.000118941584055748	0.00111171521816816	1.26100577699011e-07	0.000319785998019999	0.00218213690486048	1.46176752406659e-06	0.000200836184918248	0.00150479064330454	4.80727416962157e-07	0.000171462665432034	0.00143190094241141	3.60033421665141e-07	0.000247308258495582	0.00160661613582328	6.72049687604942e-07
13901	0.000117093459546923	0.00110174857275513	1.15555682375708e-07	0.000315190379299558	0.00216889810889543	1.25874892427755e-06	0.000194843424694983	0.00149312750148965	4.56578550003971e-07	0.000168233871931856	0.00142383710982962	3.42501072412556e-07	0.000245586868476819	0.00158864305293108	6.25133345674844e-07
14001	0.00011456620623368	0.00108965649965551	1.0939180301775e-07	0.000304799141221389	0.00215340427288166	1.1901002306072e-06	0.000191386108020529	0.00147914090959915	4.34185695651111e-07	0.000163486116194412	0.00140983070674557	3.12811902187761e-07	0.000242233273324154	0.00157401836326597	5.98873313122924e-07
14101	0.000113085422249696	0.0010795310115044	1.07165873748487e-07	0.000299485954239028	0.00214594444211536	1.15122880409832e-06	0.00018712098825205	0.00146723579844462	4.16391745399735e-07	0.000160000252887077	0.00140101948656098	3.00897199243593e-07	0.000237412573779965	0.00155710509644326	5.81549143245516e-07
14201	0.000109814229605084	0.00107232388376318	1.06108712508457e-07	0.000297185520475784	0.00212300514540048	1.04011198299626e-06	0.000185731633487123	0.00145301528927485	3.74402786072748e-07	0.000156239159190436	0.00139166510420563	2.81929706597192e-07	0.0002308490655208	0.00154154292716415	5.47344027210049e-07
14301	0.000109079063327793	0.0010624495059855	9.10814480107135e-08	0.000288054282468378	0.00210341781636195	1.03055794368688e-06	0.000182306127168105	0.00144059860860357	3.55391864088059e-07	0.00015549369035404	0.00138233046882659	2.59728982117241e-07	0.000225441147657258	0.00152739638728352	5.27664509965144e-07
14401	0.000105096107359074	0.00105440151346669	8.91579881808167e-08	0.000281553293899732	0.00208279905471639	9.75069868347462e-07	0.000179089642806924	0.00142579755905752	3.37303945009827e-07	0.000151350461737847	0.00136413931669302	2.50036442759558e-07	0.000218872407203477	0.0015134642436597	4.99939071380618e-07
14501	0.0001036973435603	0.00104295988941679	7.72950901111867e-08	0.000279801767041827	0.00206174360770012	9.523536490431e-07	0.000175420375101546	0.00140546571409201	3.13977524265895e-07	0.000147810826470995	0.00134506583547346	2.38033072625164e-07	0.000213980221597284	0.00149765837755934	4.43112545517834e-07
14601	0.000101605392914458	0.00102916462067876	7.07539598254318e-08	0.000272796771490977	0.00204422550476169	9.31355776991819e-07	0.000171684100141146	0.00139127698878653	2.95876136798238e-07	0.000144958220980457	0.00133439344300004	2.18821204747251e-07	0.000210552814143033	0.00148785022492749	4.14403883453703e-07
14701	0.000101114428021181	0.00101694807251347	6.23978165200421e-08	0.000268316820292365	0.00203806284700729	8.59228695558303e-07	0.000168169093952178	0.00137897820008163	2.86390447481487e-07	0.000141006992534488	0.00132023880371373	2.19576383232426e-07	0.000206268167600273	0.00147140793220282	3.99612711348483e-07
14801	9.73794744790912e-05	0.00100011717914753	6.26981802445297e-08	0.000263131303051147	0.00201960551995172	8.3795702222233e-07	0.00016513874103698	0.00136599938920993	2.60918750829062e-07	0.000139191925567691	0.00130659902135019	2.05668188415046e-07	0.000201541250197161	0.0014561407065291	3.92074478862478e-07
14901	9.49890879711269e-05	0.000985007215561948	6.11306615696179e-08	0.000259614082062159	0.00200983248723867	8.02945545126733e-07	0.00016257935427477	0.00135336272226756	2.53907555203221e-07	0.000136535218042978	0.00129835989159272	1.90215989537804e-07	0.000196761713842411	0.00143949237832505	3.54427938664664e-07
15001	9.36312588450603e-05	0.000973814647254866	5.85381297952788e-08	0.000255386451117606	0.00199128678771234	7.60010069761576e-07	0.000159972070282879	0.00134100636071795	2.41686695087018e-07	0.000134713079450335	0.00128700764864549	1.77329636292187e-07	0.000195168209409301	0.00142725519342767	3.4048286665438e-07
15101	9.40526280694683e-05	0.000961345509980451	5.50029270427397e-08	0.00025606099555772	0.00196783393529504	7.0983185757327e-07	0.000157058283592086	0.00132466994663698	2.2315062294364e-07	0.000130062513191828	0.00127194280290189	1.66299676302339e-07	0.000190798739223189	0.00141768508584363	3.17450931470698e-07
15201	9.18094429109386e-05	0.000953064741771093	5.14461935675061e-08	0.000252868086503057	0.00194066575104179	6.8029854956139e-07	0.000154090157365273	0.00131570182418339	2.13100757911296e-07	0.00012731327767095	0.00126564601174538	1.63391291726401e-07	0.000187897156602144	0.00140893551945333	3.00331339424766e-07
15301	9.06880780944978e-05	0.000949891124178352	4.99930856075924e-08	0.00024990941846248	0.00192363244812269	6.36699993871248e-07	0.000151221345254631	0.00130386350665754	1.9663713322223e-07	0.000124163280665603	0.001254318335437	1.53175446945887e-07	0.000181814185713887	0.00139598857144933	2.78965620441497e-07
15401	8.61158821557238e-05	0.000933918944272691	4.80018059364112e-08	0.000247615038471768	0.00189927426132082	6.00604324275502e-07	0.000147185414254951	0.00129425764825161	1.88521963242352e-07	0.000121909880199993	0.00124352912083189	1.44027578012165e-07	0.000180680171639279	0.00138163889168994	2.5645512432019e-07
15501	8.35320855600769e-05	0.000919470990675079	4.35891437944771e-08	0.00024170994437449	0.00188181723381186	5.81257725977643e-07	0.000144765375701394	0.00128304989041899	1.80431090565111e-07	0.000120158985544901	0.00123079859056057	1.35294508084243e-07	0.000177660457414565	0.00136546990939342	2.51045267650648e-07
15601	8.35242094435796e-05	0.000912596359056084	3.95876048518074e-08	0.000240104843274676	0.00187146627333861	5.53333386268344e-07	0.000141605554883682	0.00127265746431541	1.70402367906183e-07	0.000117789170146339	0.00122084575151487	1.31756329455796e-07	0.000176886911120758	0.00135227392273257	2.39531104707008e-07
15701	8.26271647666807e-05	0.000901105563631853	3.67014860692364e-08	0.000235341903277292	0.00185778047033626	5.15295024515163e-07	0.000139387540429699	0.00126192965246232	1.58130157135634e-07	0.000115195308715794	0.00121041330643841	1.25059296554843e-07	0.000174487790112662	0.00134200360405506	2.30855050745967e-07
15801	7.94757657952954e-05	0.000895470756229405	3.24804868466807e-08	0.000229698870718562	0.00185070330283825	5.18288578842243e-07	0.000136706407276444	0.00125615037597061	1.49755069194269e-07	0.000112608994956641	0.00119823221063736	1.1947730196774e-07	0.000169890771881043	0.00133477059815012	2.19315985554308e-07
15901	7.77388194782889e-05	0.000888906332925327	3.09556051499902e-08	0.000225208056297382	0.00182700706463743	4.55811052460085e-07	0.000132896422203148	0.00124008712765293	1.45765921205307e-07	0.000110943323014804	0.00119029509272673	1.12172698699791e-07	0.000167065531791584	0.00132129899961217	2.0631387965892e-07
16001	7.64350727458867e-05	0.000875017978239225	2.87997773402708e-08	0.000216294519535913	0.00181099215141657	4.45512186213859e-07	0.000129762203127104	0.00123079761917589	1.3744001171783e-07	0.000108955627892246	0.00117938669543375	1.02479798192003e-07	0.000163161762344635	0.00130891509436087	1.94459326433563e-07
16101	7.53732099967695e-05	0.00086629459821152	2.58667987170539e-08	0.000214527867402132	0.00179924650249438	4.35893638032893e-07	0.000128095048353237	0.00121780994005281	1.29724124285595e-07	0.000107097850976028	0.00116799305086187	9.7823892948508e-08	0.000158774565628325	0.00129703568797314	1.80538055717632e-07
16201	7.30687457299038e-05	0.000861035016880549	2.53422239825675e-08	0.000209444754135052	0.00178118474709576	4.02562150775955e-07	0.000125904718880444	0.0012062546774465	1.24453784627652e-07	0.000105185957867997	0.00115729226333593	9.37297170163964e-08	0.000156449530369127	0.00128346377582168	1.69580274827411e-07
16301	7.1646515522613e-05	0.00085138515339321	2.42432007188005e-08	0.000205526977607329	0.00176990604345043	3.72739642328487e-07	0.000123707859142434	0.00119617818177684	1.18193541311445e-07	0.000102613618044485	0.00115060387943725	8.90405219003477e-08	0.000154915567272512	0.00127291858594419	1.64550026713386e-07
16401	7.01987108691415e-05	0.000837926500710979	2.26457265047586e-08	0.000203507351389813	0.00176058036005428	3.60633092833216e-07	0.000121282011139084	0.00118890029186131	1.1227755566236e-07	0.000100128195435218	0.00113832133369507	8.42303775800902e-08	0.000150528411013734	0.00126038555048568	1.5799347855513e-07
16501	6.92807344980853e-05	0.000831253923169827	2.03014488265836e-08	0.000199852594386533	0.00174254154878158	3.50955532523615e-07	0.000119131710284725	0.00117453763286197	1.05619635510439e-07	9.85256548996706e-05	0.00112824927390347	7.72539533514708e-08	0.000146946008445899	0.00125315718083808	1.46278736151649e-07
16601	6.84757989630192e-05	0.00081890602526308	1.95286321412532e-08	0.000196607710695978	0.00173405926202311	3.26039491876114e-07	0.000116473544550129	0.00116396845016304	9.83423357948936e-08	9.64887899624053e-05	0.00111547749200437	7.49346555889922e-08	0.000145707837779128	0.00123847251367879	1.36341901423099e-07
16701	6.65088638225389e-05	0.000808577250283176	1.87709028703699e-08	0.000191992836634041	0.00172399330925152	3.40888052545416e-07	0.000114464369185365	0.00115177843627643	9.28665559453873e-08	9.47814627017573e-05	0.00110571856334534	7.14007766415776e-08	0.000141921111989036	0.00122491824080395	1.29164155225135e-07
16801	6.57237261280287e-05	0.000802152369789632	1.72399652254779e-08	0.000188832647153793	0.00171246249612915	3.1243985299299e-07	0.000112287469906622	0.00113882515712818	8.66311161885913e-08	9.25840136955077e-05	0.00109542279979806	6.38254131457377e-08	0.000139533772827408	0.00121477603730398	1.24652363520874e-07
16901	6.44293121822799e-05	0.000789271867232369	1.54863543308556e-08	0.000186434763711406	0.00170432916002545	3.13525244862977e-07	0.000109790278463026	0.00112587622933979	8.08816857560378e-08	9.06706329021564e-05	0.00108640937009989	6.02112576430247e-08	0.000138916915355543	0.00120286411074366	1.18447837693583e-07
17001	6.2801917085447e-05	0.000785163745104719	1.52287958004393e-08	0.000185722933738245	0.00168714171502598	2.70176769772804e-07	0.000107489131294604	0.00111331097632387	7.57942579796514e-08	8.82895514688969e-05	0.001076342698098	5.88733566384145e-08	0.000137491336599367	0.00119225125957599	1.10712716848764e-07
17101	6.17453868804889e-05	0.000775865476797835	1.37610771154061e-08	0.000180713921099588	0.00167625458997701	2.60649581848053e-07	0.00010603393659248	0.00110229268470232	6.88049976531451e-08	8.71424397979398e-05	0.00106558582138427	5.60118770269039e-08	0.000134529237653288	0.00117993330738915	1.09433725217049e-07
17201	6.08449999769597e-05	0.000764231079344952	1.29792987563442e-08	0.000178761573782157	0.00166176203681806	2.55069350044219e-07	0.000104779019376607	0.00109207904823412	6.62889702673409e-08	8.60433850351641e-05	0.00105765230742424	5.52898288363564e-08	0.000128874022220912	0.00117143083356475	9.80057887320523e-08
17301	5.95223223999284e-05	0.000755011916403025	1.19385394689214e-08	0.000171751184125699	0.00165497627935925	2.32130858307673e-07	0.000103433517923612	0.00108305160518453	6.37036215921031e-08	8.47142456057548e-05	0.00104661139500887	5.22574886607421e-08	0.00012714321321349	0.00116133958384433	9.57669213002968e-08
17401	5.89918759002881e-05	0.000746838782107848	1.05557002349281e-08	0.000168163148962626	0.0016349681730799	2.1438847584243e-07	0.000100245885239615	0.00107311415364556	6.08054208099402e-08	8.37444002639619e-05	0.00103726339053465	5.02535494937008e-08	0.000124747855986796	0.00115410579403973	9.00854566631674e-08
17501	5.86392714365081e-05	0.000739266551455915	1.02807485698952e-08	0.000164112602103307	0.00162077881407427	2.15000625976591e-07	9.78774691684052e-05	0.00106006318706824	5.85321064403786e-08	8.14667839335282e-05	0.0010267068422153	4.30794278071452e-08	0.000122276970493194	0.00114677249979304	8.61666814531284e-08
17601	5.83949228877803e-05	0.000729075197114373	9.44707282358953e-09	0.000162920725803664	0.00160686863083016	2.10860001210928e-07	9.68330695741164e-05	0.00105275159780945	5.41960638020476e-08	8.02854517621638e-05	0.00101905296397978	4.24604212560375e-08	0.000121425089094282	0.00113961705360506	8.48480791518149e-08
17701	5.72197765967654e-05	0.00072214319693422	8.97828269712605e-09	0.000162489315056386	0.00159265659150103	2.04136231988193e-07	9.49903726343249e-05	0.00104440190515136	5.10670741129419e-08	7.94315617814507e-05	0.00100906879153999	3.74367202557003e-08	0.000118979770422913	0.0011278867638132	8.10143399969983e-08
17801	5.67348740472963e-05	0.0007176389990459	8.57865609846544e-09	0.00015867934409361	0.00158399676398867	1.8698921952395e-07	9.27784961444222e-05	0.00103864493994443	4.90788470990668e-08	7.76351694169093e-05	0.00100212972524701	3.61943461848746e-08	0.000117452243896979	0.00111983713932746	7.74090504417284e-08
17901	5.4289673512433e-05	0.000709740633871864	7.71049802907287e-09	0.000153097841238243	0.00157165879627463	1.74050188274734e-07	9.05625231725427e-05	0.0010331496172802	4.5644745780687e-08	7.59281278205947e-05	0.000990513480626181	3.45255074646024e-08	0.000115764866179633	0.00110544969960052	7.3568184925556e-08
18001	5.35827704891128e-05	0.000700935420936895	7.10518304668504e-09	0.000152797972084312	0.00155887878580166	1.66696461978601e-07	8.95908222294231e-05	0.00102366234794574	4.34472451123447e-08	7.47046799825677e-05	0.000983171132708723	3.47272871612641e-08	0.000113181583859563	0.0010945993399567	6.78222652512411e-08
18101	5.19942989212324e-05	0.000694641962344026	6.85761095686289e-09	0.00015013909775548	0.00155026741987471	1.53856170933624e-07	8.82172876018477e-05	0.00101426002053239	4.26419138969399e-08	7.39787319216371e-05	0.000978601824860456	3.13086246222655e-08	0.000110412958751556	0.00108447268763586	6.43236650310305e-08
18201	5.07116730094476e-05	0.000685591408965377	6.60871027931629e-09	0.000148788511408274	0.00153901558165188	1.55021770251179e-07	8.61843497872765e-05	0.00100595294997865	3.9224587233281e-08	7.20715311848509e-05	0.000966484538702024	2.97002291434299e-08	0.000107775050749593	0.00107241042385486	5.96595895759042e-08
18301	5.03619453076585e-05	0.00067387125580739	5.97545598975119e-09	0.000147085459801114	0.00152450634809778	1.50051204839465e-07	8.51359835810647e-05	0.00100032183030796	3.71703587237307e-08	7.099561768996e-05	0.000959191910686608	2.75816021667728e-08	0.000107028694245375	0.00106481951791989	5.56657534496248e-08
18401	4.90671574126398e-05	0.000665723582348069	5.43269819337311e-09	0.000145286468162383	0.00151051935617036	1.35374413877363e-07	8.40325718376499e-05	0.000992589233185502	3.42169381102498e-08	6.91164796385075e-05	0.000950461686248269	2.58176840504411e-08	0.000105136006570095	0.00105511560967723	5.13163970823085e-08
18501	4.76536362868892e-05	0.000657003839180967	5.27026091884042e-09	0.000144554999791302	0.00149715715134058	1.34466361689796e-07	8.28328200668445e-05	0.000981943349452908	3.28336002748109e-08	6.78879275397097e-05	0.000941810617510098	2.35121756835745e-08	0.000103368150430173	0.00104520873382303	4.95918654687164e-08
18601	4.62688499640384e-05	0.000651055417345487	5.41195507433945e-09	0.000141607749442663	0.00148535193482784	1.35490044695137e-07	8.08299944307842e-05	0.000975227853505721	3.08404677365995e-08	6.62680500302797e-05	0.000932693691132897	2.17916194644245e-08	0.000101431873609109	0.00103883007450357	4.66125315560565e-08
18701	4.55739353229811e-05	0.000645430095842795	4.97847558639355e-09	0.000139702473014149	0.00147718118931931	1.25765080212172e-07	7.9395852982597e-05	0.000969468686012354	2.99204519590894e-08	6.51015110678522e-05	0.00092219965958133	2.05372366372177e-08	0.000100452583187625	0.00103318935135857	4.39912191459385e-08
18801	4.48455232842836e-05	0.000637461023572566	4.69340760820619e-09	0.000137941249601955	0.00147089457811838	1.13493315493831e-07	7.81320743990372e-05	0.00096049716102259	2.82584817584609e-08	6.3878160006199e-05	0.000917788923342092	1.88102741166429e-08	9.83847832482628e-05	0.00102210017942239	4.15143360824823e-08
18901	4.35802295880619e-05	0.000631253355430217	4.4568416882944e-09	0.000134997516702964	0.00146113661251803	1.08418781654702e-07	7.67875218700713e-05	0.000950829688556571	2.61979925057089e-08	6.32247587065921e-05	0.000909860134192599	1.84717256343151e-08	9.67195756957741e-05	0.00101105357116602	3.82216346040072e-08
19001	4.31530073328917e-05	0.000626693277541433	4.0243667717754e-09	0.000130529250898084	0.00145785771679062	1.00022538256531e-07	7.55027333852517e-05	0.000942613258645045	2.44977524175642e-08	6.154498682286e-05	0.000902006060963552	1.68014244490704e-08	9.47748472288948e-05	0.00100413935765565	3.5890136130165e-08
19101	4.219346954391e-05	0.000623551873049069	3.88965799586013e-09	0.000126076489019908	0.00144611698984219	9.22017711855693e-08	7.45040283197307e-05	0.000936727060559385	2.3342931240254e-08	6.02097700971076e-05	0.000894649297423929	1.56294501925683e-08	9.32758358223978e-05	0.000995575327607363	3.43007678840403e-08
19201	4.14106190369497e-05	0.000617996853416702	3.70858080567183e-09	0.000122421553416401	0.00143238120664991	9.14262555828528e-08	7.30019748201074e-05	0.000929151633246411	2.22926989016349e-08	5.94002852054876e-05	0.000886079812370746	1.51966401914774e-08	9.06362299074071e-05	0.000986916955301467	3.2769309789703e-08
19301	4.01565085393e-05	0.000612329049544667	3.45460409677793e-09	0.000120983410764317	0.00142632824213434	8.80430278638764e-08	7.24080402631386e-05	0.00092234448160772	2.06251945270856e-08	5.88805380044343e-05	0.000878364450043534	1.37009466951535e-08	8.88921411792673e-05	0.000977456373075026	3.0823005677557e-08
19401	3.88029592689107e-05	0.000603741332137545	3.34139917067774e-09	0.000119243094081856	0.00141592090971937	8.11077624313281e-08	7.08045111128857e-05	0.000914925005442654	2.00249654828596e-08	5.74633199487976e-05	0.000870049519379859	1.29319652884502e-08	8.74014741434963e-05	0.000970501626855617	2.93278833064749e-08
19501	3.84263788651061e-05	0.000599496618334984	3.02799052100276e-09	0.000117282801887678	0.00141132754379726	8.10820373520964e-08	6.91047923284269e-05	0.000909556921337593	1.91431890468189e-08	5.67890690171274e-05	0.000862065473004075	1.20897049702871e-08	8.59069902041668e-05	0.000962043113284502	2.87081043492334e-08
19601	3.75518945506538e-05	0.000594024932672074	2.99146831352536e-09	0.000113970344338839	0.00139429704354696	8.04778170137214e-08	6.746411590493e-05	0.000902071761290323	1.82134791594756e-08	5.51552726563345e-05	0.000854053757900303	1.10067508142159e-08	8.43540541648976e-05	0.000951474783025689	2.84358346631816e-08
19701	3.72172575654871e-05	0.000588920914777921	2.69357523459724e-09	0.000114082242468661	0.00138233931733862	7.22132277985913e-08	6.63406626180913e-05	0.000895242269302304	1.7264967252519e-08	5.30650207956337e-05	0.000847369546959283	1.09710246752382e-08	8.37044775411597e-05	0.000945446472553732	2.52572044018532e-08
19801	3.62999443656861e-05	0.000583282677721322	2.54499684448789e-09	0.000114387084547932	0.00137111062544553	6.50622830978364e-08	6.47382699304835e-05	0.000888459315725945	1.63531725169266e-08	5.16392045631154e-05	0.000837923616583919	1.04458212011473e-08	8.2142906150148e-05	0.000938449133405502	2.45551138289592e-08
19901	3.58586369183546e-05	0.00057568608797891	2.48160951911041e-09	0.00011211950107355	0.00136073563637242	6.84689457310546e-08	6.39326551312451e-05	0.000882953171888063	1.50003095515001e-08	5.07836120096299e-05	0.000831314003660406	9.95079628737962e-09	8.0440719286705e-05	0.000928912386791826	2.29896863510457e-08
