t	POCSmin	rNBKmin	NBKmin	POCSmax	rNBKmax	NBKmax	POCSmedian	rNBKmedian	NBKmedian	POCSquant25	rNBKquant25	NBKquant25	POCSquant75	rNBKquant75	NBKquant75
0.119627363999999	0.0113520941298012	0.89616051552942	0.0124190290044009	0.749209520391627	2.69335174235909	5.74263230813627	0.0709765499062198	1.32054065222119	3.32258780129293	0.0424223690767132	1.0661811263478	1.87091378110656	0.193015787837425	1.45492369799078	4.16069225074206
0.239254727999999	2.92551624203226e-06	0.724060768180834	1.44118962934519e-09	0.0715311400664658	1.35301888070989	8.18069468910807	0.00177376935913939	0.941178345424457	2.5481863775216	9.41181385904496e-05	0.872717183123806	1.99040504624651	0.0106724836800602	1.02326993443666	3.46878926039787
0.358882091999998	6.44626229202489e-09	0.639729463851444	4.9100209479689e-14	0.0117522321955082	1.8209641921274	6.2890236453515	1.3719732641816e-05	0.789958994739061	2.51105438081728	2.98536485727281e-07	0.752778893843468	1.85901576229219	0.000447369339470794	0.895793084391658	3.43961620707398
0.478509455999998	1.49333036935761e-11	0.0218529247868676	0.386562197318381	0.00386039978798155	2.65864493887602	5.46861441145822	2.81056204904169e-07	0.730552821340392	2.57404846433458	6.12069090026866e-10	0.675047757344512	1.7285246727765	2.14335848826759e-05	0.837891360652086	3.36325141596452
0.598136819999997	1.8203066354325e-14	6.59386851282783e-05	0.601811888102372	0.000713427115121274	2.30962064220295	5.60759692610441	4.82324914297113e-09	0.747971234925157	2.4584119827031	1.37565170565895e-12	0.626200159210367	1.60289843965643	1.01037728487901e-06	0.9053960848278	3.25245077435831
0.717764183999996	3.10825272026329e-15	6.20536473850326e-07	0.467012562375206	0.000272113722758251	2.49835597478498	6.52126212030956	8.98982428990315e-11	0.759212221685827	2.35045778305069	1.1666725881488e-14	0.556353598858377	1.71765681113258	4.71371431055157e-08	1.00148784442264	3.43818888314699
0.837391547999996	2.71125236961394e-15	4.54027553480236e-10	0.312140183288289	4.95742754673701e-05	2.06646086421861	5.92542197921771	1.47914369686868e-12	0.845002963389294	2.40612605419457	5.1226943395008e-15	0.431328591702091	1.80214610156035	2.40286683997744e-09	1.10404739099505	2.88869555522588
0.957018911999995	2.82043632126255e-15	7.5184779173572e-13	0.419000258408998	1.27516454792928e-05	2.78027101260724	6.60827945935188	2.91688542422531e-14	0.7686362932166	2.19035454889158	4.3495228964365e-15	0.389308191807027	1.42554675457993	1.2383365505575e-10	1.05860091937692	3.34941864541873
1.07664627599999	2.05428763666175e-15	9.49835144862905e-14	0.722917786762809	3.67257015646549e-06	2.78669460286979	4.68774861445291	6.7379356755922e-15	0.888776825720048	1.94410999287041	4.07623208421527e-15	0.214948048022304	1.23545864548549	6.02084802734988e-12	1.21199471252998	2.81038817487064
1.19627363999999	2.84887019336478e-15	9.25457175706967e-14	0.527806080037506	1.01777608071721e-06	4.24076274851626	5.82977448190261	6.14353470646687e-15	0.863873254058783	1.86045709476698	4.16379779757641e-15	0.162276880498641	1.12041794623719	3.23963441038955e-13	1.40697780812197	2.84756050342814
1.31590100399999	2.7984998706193e-15	9.07813047068804e-14	0.470315220924289	1.87804341528289e-07	3.9577357054656	6.51586101386962	5.53892801568715e-15	0.909624491137601	1.93830776036143	3.94228726437842e-15	0.103938466789965	1.22668969153888	1.80240078760648e-14	1.31358869282481	2.68368533690713
1.43552836799999	2.70599069631813e-15	9.0691874224878e-14	0.500281458114372	5.3170107236769e-08	4.7294895215853	7.47527791487107	4.97583452586069e-15	0.751487010994178	1.92441109838695	3.68331097945806e-15	0.0813754950348427	1.31341159531932	9.70144598515324e-15	1.63723274828456	2.76181469971021
1.55515573199999	2.54762318889293e-15	9.00117296960183e-14	0.241775243328513	1.49341231866843e-08	3.80878706479517	5.12707667867098	4.9215487180997e-15	0.788305405182488	1.95067360968056	3.97137795327963e-15	0.0746383058181903	1.24227856714437	8.17463449276174e-15	1.7961462714291	3.41539658233406
1.67478309599999	2.68727872009481e-15	9.05404234286138e-14	0.149456114954831	3.68436169785776e-09	5.28794812585564	6.84293165403037	4.94392143670036e-15	0.8210901065065	2.31322826685414	3.84188955252088e-15	0.0535299662049225	1.26655771716927	7.16330663524697e-15	1.96260642549558	3.0790303059433
1.79441045999999	2.76415435085905e-15	9.00117296960183e-14	0.10723790441551	1.0881253894429e-09	4.57822617768978	6.0997851950158	4.58343184529845e-15	1.08148609406906	2.556354369143	4.16388310034278e-15	0.0398974727029934	1.04865344094757	6.42341503390879e-15	2.09699109852758	3.15777299088739
1.91403782399999	2.25658121346426e-15	9.20464036165109e-14	0.0284289259040298	2.74899570668395e-10	6.52866765243689	6.54572520823218	4.73198989963686e-15	0.941269567223497	2.09047950646145	3.93010099576321e-15	0.0260660355110114	1.11616472659849	5.65979753208194e-15	2.03492158351334	3.18524985677882
2.03366518799999	2.42952466411807e-15	9.00117296960183e-14	0.0177252738698943	7.69271397928105e-11	4.61043873175174	6.20965315522494	4.59749724320971e-15	0.852291274924359	2.04130561018085	3.62965026122923e-15	0.0160459117544159	0.977709830874491	6.35731270587522e-15	1.96564722626808	2.82015202074001
2.15329255199999	2.67463533690706e-15	7.4998982037352e-14	0.0159029459152104	2.37125519170225e-11	5.84667261802851	5.61217591856132	4.64040851572915e-15	0.943919947893833	1.72862474552683	4.01420529529079e-15	0.0104443761896376	0.843961021168578	6.14451901517618e-15	1.83299800112251	2.85792511773914
2.27291991599999	2.28895168597134e-15	7.26021028541308e-14	0.0273546162948778	7.10226995906585e-12	6.27433770077542	7.20303562734481	4.61683069270853e-15	0.8864167839255	1.95495600394996	3.65384769386351e-15	0.00740671481458326	0.989466103928792	5.67274844074762e-15	1.98826868611847	2.84833042635688
2.39254727999999	2.87079073044725e-15	7.26021028541308e-14	0.0317280798102582	1.92861797274749e-12	5.72840637270031	4.5922606534489	5.06499485855606e-15	0.649876046735471	1.99022377037548	4.15087409989072e-15	0.00421651884084394	0.90495180692396	5.8956700415378e-15	1.9977441594501	2.60607865655805
2.51217464399999	2.32965031351987e-15	7.26021028541308e-14	0.0379615054548772	4.51341393825759e-13	6.37686615043147	6.30597284081837	4.91087359973967e-15	0.533455303336949	1.97174427633583	3.79979870236101e-15	0.00309434243953099	1.04272171108671	5.97099762877272e-15	1.70879427545817	2.97674805516405
2.63180200799999	2.93291211999459e-15	7.26021028541308e-14	0.0310516351324567	1.33994887282947e-13	6.04574412983511	5.25924275377811	4.43411789846771e-15	0.666074880120443	1.95400324051886	3.67558876699261e-15	0.0019857063757085	1.22404506626765	5.71426856783188e-15	2.07675625226562	2.85491910139289
2.75142937199999	2.84155965832912e-15	7.26021028541308e-14	0.0138479418529191	2.70439310658969e-14	6.50631185124967	5.91966437582203	4.86419778637861e-15	0.711663252720345	2.08695249746386	3.84477203951138e-15	0.00137630595132974	1.09313451844637	6.00142706146946e-15	2.06792271087377	3.12300025160809
2.87105673599999	2.49954330620459e-15	7.29315724066211e-14	0.00815393785891944	1.78895397011414e-14	5.93057800420001	6.5991255637181	4.46705622936367e-15	0.776483120686658	1.81205560298695	3.94613628474824e-15	0.000855693529961917	1.20843742828661	6.39972729528529e-15	2.31166478235301	2.61450387163093
2.99068409999999	2.75689860758966e-15	7.26021028541308e-14	0.00295348196048447	1.82706333950631e-14	5.58891090762335	5.35865457981316	4.86745054398125e-15	0.776202977003435	1.95103218263849	3.8282027387677e-15	0.000593874941201995	1.13699218670232	5.83259258982463e-15	2.30848133112035	2.77365204060855
3.11031146399998	2.46478263069486e-15	7.29315724066211e-14	0.00368075036070444	2.08656589454582e-14	5.3522073374991	5.81938678207041	4.24086236442922e-15	0.774545464441344	2.10222787104579	3.53541292438476e-15	0.000370840113515946	1.0983376671847	5.39496069082375e-15	2.04485473602628	3.03000352147259
3.22993882799998	2.98691778835298e-15	7.26021028541308e-14	0.00209356383986521	1.62645304867169e-14	6.2134619667777	7.66945033077482	4.3948072548105e-15	0.878296281784978	1.92123737474299	3.70750736789562e-15	0.000248228695745212	0.878332822068101	5.30049271753548e-15	2.30306500830329	3.30543841813393
3.34956619199998	2.5161313386208e-15	7.29315724066211e-14	0.000867238771234844	1.19817319091413e-14	5.72260668285963	5.49564668726969	4.85254167799784e-15	0.859362164153479	1.84641862540914	3.79512663036374e-15	0.000175608530416349	0.723224105984987	5.97545024880085e-15	2.1264812666964	3.14263653556545
3.46919355599998	3.00671168537219e-15	7.26021028541308e-14	0.0005852299602183	1.31707152318688e-14	4.11085934743434	5.39392269801826	4.64084310161112e-15	0.934813430838164	1.84245425838948	3.67464855384256e-15	0.000112048117244906	0.722335483238755	5.88779798078828e-15	2.28898702209005	2.54814979113593
3.58882091999998	3.10850055766114e-15	7.26021028541308e-14	0.000487791082323286	1.02450036838057e-14	4.62103907604312	5.93375703630684	4.88857456598081e-15	0.886795395476065	1.9330187504982	4.22995279728444e-15	6.45803550430612e-05	0.816129624231189	5.68326422213206e-15	1.88056345013495	2.79156461343492
3.70844828399998	2.46478263069486e-15	7.29315724066211e-14	0.000517988534450062	1.42969506139493e-14	5.20594380391621	4.85637911013463	4.54800023226083e-15	0.641391493639663	1.92746663577227	3.54210852692017e-15	4.24005640101511e-05	0.830122325962806	5.98592444377668e-15	1.65850194114237	3.20664324005634
3.82807564799998	2.35611979145836e-15	7.29315724066211e-14	0.00031767242817223	1.85601183409191e-14	6.12245425002186	5.55843209279432	4.6295680312728e-15	0.653851575743933	2.13278165973336	3.74309361282015e-15	1.21779830832563e-05	0.981158425052046	5.8042305777045e-15	1.63638391821612	2.73714901871221
3.94770301199998	2.90563230592075e-15	7.29315724066211e-14	0.000112794799087265	1.14226924090753e-14	5.61162921213648	8.27342210814069	4.28893174000167e-15	0.684793408459542	1.87836513978679	3.59078156473508e-15	4.05676752832086e-06	0.929343338270609	5.61513153843855e-15	2.19248320632475	2.36820445973712
4.06733037599998	2.69286305381592e-15	7.26021028541308e-14	5.04819853068699e-05	1.38526184321549e-14	5.94582822012592	6.66600812899522	4.47082935778025e-15	0.679593429449898	1.66425639602447	3.63657075687151e-15	1.67637717365681e-06	0.85444168147306	6.03331014706243e-15	2.19506010591009	2.49184935082949
4.18695773999998	2.7552214917855e-15	7.29315724066211e-14	5.75141687208801e-05	1.14569018413245e-14	5.08800975623222	7.49091725334433	4.54669189286114e-15	0.690876670542291	1.72758835187531	3.73854112767679e-15	9.35822905162327e-07	1.14850460343429	5.87432115679594e-15	2.01625086411042	2.72225971306054
4.30658510399998	2.45036307404059e-15	7.29315724066211e-14	4.32420775416042e-05	1.66537616978075e-14	5.21154633705573	8.45999126332334	4.3005829137459e-15	0.539502627744955	1.76872143418888	3.71887555000139e-15	6.23419531842555e-07	0.8326980890303	6.30236367189643e-15	1.7648613605736	2.7942933489647
4.42621246799998	2.47309031868845e-15	7.29315724066211e-14	3.18632254488395e-05	1.2470812087639e-14	4.26917851539804	6.51623318159354	4.38972103923385e-15	0.589043046905438	1.77127748322645	3.49296976825236e-15	3.51643053752687e-07	0.854173770775961	5.7388433720856e-15	1.53889873171823	3.18978661533301
4.54583983199998	2.68254443471277e-15	7.29315724066211e-14	1.97690750763387e-05	1.52926421123024e-14	3.43109747172155	5.96968973612449	4.7205815653285e-15	0.531104547906299	1.71179121492255	3.83750310478225e-15	2.75258273848683e-07	0.768186209631178	6.15628839802085e-15	1.65010725763765	2.63275314494311
4.66546719599998	2.6952936296865e-15	7.26021028541308e-14	8.18920866940683e-06	1.35098108138395e-14	5.2729108042047	5.38297229007076	4.64985672792567e-15	0.410405202568633	1.73200246056231	3.64063015678585e-15	1.31615147112152e-07	0.911729562075506	6.5363407321566e-15	1.11994246835437	3.05331628189893
4.78509455999998	2.85450948653416e-15	7.26021028541308e-14	5.05032319955424e-06	1.10799340084255e-14	4.82231753646282	6.79051964825524	4.65283364961481e-15	0.382886049011757	1.88537654266193	3.6944770732839e-15	9.68554564481058e-08	0.762941126758405	5.40854568215217e-15	1.61562970755049	3.35813655325089
4.90472192399998	2.49213540656602e-15	7.29315724066211e-14	5.89586860090565e-06	1.75045505848104e-14	4.08628171804107	5.36826435122185	4.36136494753655e-15	0.376366293008095	1.85893663008853	3.64063423909529e-15	6.35420271651063e-08	0.6075695646192	5.87835308111538e-15	1.69599287353586	3.07989219962842
5.02434928799997	2.44631194171848e-15	7.29315724066211e-14	5.63313010671285e-06	1.28266199878725e-14	4.14516286556667	6.06771417346359	4.59358070347901e-15	0.341556212348852	1.87141279630459	3.39572260842064e-15	4.94443428993822e-08	0.76860195619548	5.96700175789413e-15	1.3834967618793	2.91147639587522
5.14397665199997	2.7174962334396e-15	7.29315724066211e-14	2.53879387612066e-06	9.72661665082701e-15	4.10723934477844	7.7655317821066	4.79228896701521e-15	0.372943342734132	1.91094591322076	3.66930367181028e-15	3.09236241162835e-08	0.604437127305919	5.86283183156678e-15	1.26690438610802	3.52212750109099
5.26360401599997	2.47911831878362e-15	7.26021028541308e-14	9.92063926942044e-07	1.21186704343025e-14	4.3755836279076	6.0834605697344	4.80643453169464e-15	0.450686226428424	2.23648697462836	3.7494245167312e-15	2.20562567400626e-08	0.844849723093093	6.08042135959507e-15	1.7961605166383	3.50831321886899
5.38323137999997	2.6734829735029e-15	7.26021028541308e-14	5.49863396415551e-07	1.21434370438474e-14	5.54551228756248	5.44923615163525	4.75133934470634e-15	0.442868182917184	2.10237065479203	3.85032235890794e-15	1.06530864663221e-08	0.833341380598531	6.2633892917906e-15	1.47929866042889	2.64752483838354
5.50285874399997	2.61521747059551e-15	7.26021028541308e-14	4.71672184908031e-07	1.23766839177842e-14	4.4243680751137	5.31126890887836	4.94504612369451e-15	0.454145398230752	1.84172236250415	4.03473423248549e-15	8.3138693244288e-09	0.716128330923599	5.89294353135496e-15	1.47098404215142	2.89949607082461
5.62248610799997	2.87025398355456e-15	7.26021028541308e-14	4.13994983719723e-07	1.654618790533e-14	5.241995588319	4.91623434898418	4.62960315456271e-15	0.500810417712083	1.69424969538365	3.8262412032693e-15	4.58496513703005e-09	0.550159508429768	5.72140738780543e-15	1.95115350698712	2.77382840015846
5.74211347199997	2.94640829100787e-15	7.29315724066211e-14	2.06670092977886e-07	1.34153926777841e-14	5.41591786543387	5.65255475403256	4.75666107337731e-15	0.478975202040753	1.5754482526197	3.84290062030851e-15	3.33869837115861e-09	0.589536879308983	5.56401090528588e-15	1.97598474505605	2.66978991878479
5.86174083599997	2.668291179465e-15	7.26021028541308e-14	8.35922511911264e-08	9.59997915095746e-15	4.96851457634467	7.05031004087225	4.7193348743747e-15	0.273370655648913	1.5065266397157	4.09634877360935e-15	2.04497168718702e-09	0.413955617700904	5.6278998361991e-15	2.17474535851714	2.71034317170384
5.98136819999997	2.6701671584606e-15	7.29315724066211e-14	4.48903317326017e-08	2.41740388155029e-14	5.3400786269654	8.16938440594415	4.51454616705652e-15	0.257376004753268	1.36148401645935	3.73455576235258e-15	1.23595352704036e-09	0.27980179925723	5.88463536832403e-15	1.87422075164645	2.55574581214614
6.10099556399997	3.02230053770961e-15	7.29315724066211e-14	4.56453523440149e-08	1.52318694536334e-14	5.36164170894643	7.72352434878339	4.38741045562579e-15	0.248966390788526	1.59791890563292	3.67999546689072e-15	9.22932975410954e-10	0.384557664905312	5.75674911650656e-15	1.85574959513429	2.61247926003082
6.22062292799997	2.54308331622311e-15	7.26021028541308e-14	3.70087655752563e-08	1.10954974776753e-14	4.91829366130233	6.06619377645916	4.80438681588435e-15	0.195360386944218	1.34005983490236	3.88809138059107e-15	5.82920494484897e-10	0.452864338886326	6.23685570464101e-15	1.69496185439288	2.77787169256644
6.34025029199997	2.77250276718317e-15	7.29315724066211e-14	1.19187971581166e-08	1.72566929328008e-14	5.09487033568768	4.9404110449593	4.47946973665905e-15	0.222759913430039	1.25480456530069	3.92008373393053e-15	2.55552274592353e-10	0.474317193604594	5.51169772074812e-15	1.66357779653892	2.65623754826366
6.45987765599997	2.6433451984629e-15	7.26021028541308e-14	3.79865450515123e-09	1.55246241412966e-14	5.30708691917232	5.97382616076837	4.50384456723797e-15	0.209678720249731	1.19362630726092	3.79908087176394e-15	1.26069895951904e-10	0.414879053177564	5.42589584124551e-15	1.69246783637837	2.21768673107108
6.57950501999997	2.54898357397312e-15	7.29315724066211e-14	4.14228814655981e-09	1.02059784005376e-14	5.34057488895876	6.38554307898783	4.5948658722963e-15	0.242775261241391	1.17800268348831	3.81585434182506e-15	7.33867006711059e-11	0.37639230521699	5.92462400441665e-15	1.43275253798082	2.4074031712155
6.69913238399997	2.57783410639896e-15	7.29315724066211e-14	4.49978022308454e-09	1.4728302082731e-14	4.4444125880808	4.69266585882242	4.74063245041246e-15	0.273200593900102	1.24269409436862	3.95386281422591e-15	2.91530231447653e-11	0.487142500110988	6.01642469352745e-15	1.81599597300301	2.15126770264099
6.81875974799997	2.64451069463879e-15	7.26021028541308e-14	2.94754873701218e-09	1.46529988029777e-14	4.20936715479015	4.98590487895133	4.40907024217004e-15	0.219263310251568	1.4295901269377	3.79177086343305e-15	1.52449884372088e-11	0.360879185131461	5.44808149085726e-15	2.05243465818118	2.27508443222449
6.93838711199997	2.6338564235134e-15	7.29315724066211e-14	1.60930925031046e-09	9.02252610200366e-15	5.83994550621788	5.7884696965813	4.31076999636331e-15	0.196312222198244	1.45965109628681	3.62672626473563e-15	6.19676525747325e-12	0.21831252592064	5.44152456657988e-15	1.7633901157165	2.83396265490763
7.05801447599996	2.28979293400076e-15	7.29315724066211e-14	4.85873226646212e-10	1.5275303167344e-14	7.14987702261719	5.1318748596105	4.74120287391663e-15	0.245528829615194	1.62419188711911	3.82389262608527e-15	2.54011557724905e-12	0.159804223261533	5.39687899131701e-15	2.1169564358175	2.41696937082926
7.17764183999996	2.54580821132542e-15	7.26021028541308e-14	4.89731196299844e-10	1.01907195444299e-14	6.03523633168201	5.47844189642293	4.64104602304698e-15	0.146774896043114	1.41478285651137	3.81048887563615e-15	1.08627659237988e-12	0.156464549119576	5.95247103079163e-15	2.04385016632658	2.34289767220165
7.29726920399996	2.5093864880023e-15	7.29315724066211e-14	3.16336258442896e-10	1.61000043740087e-14	3.46194741815231	5.38384250749103	4.76377612631914e-15	0.200995442069238	1.30030226829615	3.82855946674173e-15	5.35905437930226e-13	0.123491820495018	6.03090016026908e-15	1.90402461073702	2.41412312554241
7.41689656799996	3.06344110976694e-15	7.26021028541308e-14	1.76189328330131e-10	1.18863232320298e-14	6.29675620300382	8.16171946205264	4.22276570243352e-15	0.131796783297197	1.30264749581596	3.5892060147964e-15	2.68196725337058e-13	0.0856079717124717	5.07675078566477e-15	2.15498346180589	2.06788345178369
7.53652393199996	2.19918059202632e-15	7.29315724066211e-14	6.08707720014797e-11	1.40061466023804e-14	5.41618934168134	6.86667469488994	4.54601938817507e-15	0.115728891546954	1.26382421485512	3.66253547229231e-15	1.832003849663e-13	0.103097380207842	5.68084485596382e-15	1.55122763192349	2.42234597921581
7.65615129599996	2.55923866703989e-15	7.29315724066211e-14	2.72068302313235e-11	1.17427408123598e-14	5.97670223519355	6.93313068858961	4.29177517059458e-15	0.116911196413022	1.11943746577816	3.6721356749004e-15	1.35503509144169e-13	0.0758209208802113	5.65287123725369e-15	1.58758070688831	2.1884762142313
7.77577865999996	3.044269188556e-15	7.26021028541308e-14	3.24299679488526e-11	9.16867116634519e-15	6.73523132066637	4.98650600817153	4.53132938648061e-15	0.0641141097474064	1.05239624800174	3.66566788589104e-15	1.14830093102527e-13	0.0703992000483171	5.65829345583823e-15	1.63106263054334	2.31339981042477
7.89540602399996	2.6543967504023e-15	7.26021028541308e-14	3.05368469326551e-11	1.301040941647e-14	4.24961020605843	6.05623085990165	4.90512407518012e-15	0.066882273643376	1.58496749207315	3.51661006778021e-15	1.33264429995046e-13	0.122883445414702	5.67570252246691e-15	1.61217049340323	2.26884732122023
8.01503338799996	2.62110230582825e-15	7.26021028541308e-14	2.20088336963541e-11	1.36233797618929e-14	4.7411087748162	7.47036903124603	4.41194288295901e-15	0.0689037283052282	1.40856020765067	3.87454809624844e-15	1.15738495243589e-13	0.101611229883694	5.52473725790846e-15	1.30025461284552	2.14195618093846
8.13466075199996	2.92962697355265e-15	7.29315724066211e-14	1.10370947356288e-11	1.43811920013588e-14	3.4382269073557	6.84225967263634	4.75210735013877e-15	0.0469929139164001	1.49272132203473	4.07768228737487e-15	1.16815078946771e-13	0.117266621570373	5.99268423226099e-15	1.11335097146709	2.73953459750216
8.25428811599996	3.061428666712e-15	7.29315724066211e-14	4.23400466329245e-12	1.3688592920725e-14	3.2230434932729	6.11850049725829	4.65548419220979e-15	0.0482808375955397	1.21975037057494	3.9093259363691e-15	1.1096342209435e-13	0.0999181466654954	6.20313541202154e-15	1.17344015798871	2.19277879012522
8.37391547999996	2.36851192566369e-15	7.26021028541308e-14	4.956684031524e-12	1.06902573127136e-14	3.67372016041558	5.14435941579263	4.66331291782738e-15	0.0353311408122377	0.992287715720292	3.69477108758178e-15	1.17589764333234e-13	0.0835942430844759	5.41998486493168e-15	1.1890792731542	1.97923872718817
8.49354284399996	2.73895642889352e-15	7.29315724066211e-14	5.11551236800661e-12	1.61927560067029e-14	3.32529679530727	6.26951903433727	4.75435603205166e-15	0.0448687976739616	1.06331747223836	3.82543964098273e-15	1.32385708975647e-13	0.0642459375813069	5.63401892439348e-15	1.21170883284752	2.15339002450875
8.61317020799996	2.96062364425051e-15	7.29315724066211e-14	1.92008809747234e-12	1.24821733289126e-14	4.52891873686248	5.96068300509058	4.57187611248631e-15	0.0260906916822138	1.08250234070486	3.86820383163065e-15	1.19195224475866e-13	0.0253358547642531	5.36534687581972e-15	1.32477655462434	2.23620671212704
8.73279757199996	2.72146214269748e-15	7.29315724066211e-14	8.18980119984416e-13	1.59860068401312e-14	3.66373907186411	6.62466374472723	4.44965980210193e-15	0.0196602532342999	1.05288236183806	3.71126401081431e-15	1.24509497719484e-13	0.0172087404017092	5.51339895083266e-15	1.30337578706929	2.54959858207281
8.85242493599996	2.15744930174386e-15	7.29315724066211e-14	4.29771601727712e-13	1.13549141973388e-14	3.70547461875073	6.14873828971327	4.68288131752615e-15	0.0222125504285984	1.11531741741265	3.6944863025273e-15	1.10225591552641e-13	0.0220236400176327	6.03707773807919e-15	1.15942002931762	2.4725559752714
8.97205229999996	2.67290660549502e-15	7.26021028541308e-14	3.94382236053485e-13	2.01640388603929e-14	6.56498756708287	5.03848401832751	4.62709825618281e-15	0.018672168715688	0.974090358179459	3.75380228290682e-15	9.9419900657488e-14	0.0267811279924196	6.00096711968978e-15	1.4677222603214	2.59365652561904
9.09167966399995	2.62227768808725e-15	7.26021028541308e-14	2.95683072909311e-13	1.47029905984357e-14	5.31826495173014	6.4882945469423	4.54443663771206e-15	0.0163235719038974	1.04676337440886	3.83182196965182e-15	1.19170127315652e-13	0.0229396095234716	5.72538179687391e-15	1.15672345100327	2.18318155439404
9.21130702799995	2.60103954384463e-15	7.26021028541308e-14	1.17759403999983e-13	1.41248885143536e-14	3.34076151837739	5.91098928376335	4.62581372063007e-15	0.0132889427510923	1.36192355361409	3.80877609293805e-15	1.03117517303179e-13	0.0215281255316992	6.12249427870451e-15	1.22932038514884	2.77269801268895
9.33093439199995	2.2713830885662e-15	7.29315724066211e-14	2.55353863041624e-13	1.15345373411422e-14	5.91173800467689	6.8712872472616	4.63818274495436e-15	0.0182462485877526	1.41823059857975	3.84691624336345e-15	1.02331850607907e-13	0.0242879283073611	6.24345492648024e-15	1.42508892695701	2.7883152642371
9.45056175599995	3.11728601950483e-15	7.29315724066211e-14	2.72243310742867e-13	1.20023851264752e-14	4.88015354806638	5.21141230024877	4.69130210615251e-15	0.0162730869677302	1.27008892688678	3.85872190105897e-15	1.03459985192612e-13	0.0170886066097646	5.57686658689362e-15	1.26211678224828	2.30574149977316
9.57018911999995	2.6134494360471e-15	7.26021028541308e-14	2.3209686811848e-13	1.48806646539028e-14	3.61411314353857	5.90839551610679	4.6299418660451e-15	0.0137682422264308	1.19081564358762	3.67460500002627e-15	1.01899804603136e-13	0.0204912300248062	5.8984030239963e-15	0.82900976311999	2.62093874109606
9.68981648399995	2.75787645415346e-15	7.29315724066211e-14	1.68688179729212e-13	1.25083142929074e-14	3.79449683751927	8.38092796796893	4.60862758095616e-15	0.00978206332710431	1.48347111617982	3.73647770516325e-15	1.08777304685001e-13	0.0160510646575791	6.19913417068104e-15	0.784769664874615	2.18288676036387
9.80944384799995	2.40386359952878e-15	7.26021028541308e-14	1.64165642440697e-13	1.21841286610615e-14	8.3375160608612	7.05887845135354	4.14193819798167e-15	0.00980883377220882	1.00845917510462	3.70367964554756e-15	1.00573561319125e-13	0.0157309688851687	5.23249573229953e-15	0.729372475334286	2.53819796593239
9.92907121199995	2.76693995506374e-15	7.26021028541308e-14	1.8821337430815e-13	1.09061754521637e-14	8.70617474842937	5.71035194840814	4.46447417438601e-15	0.00912751842793243	1.25985382471208	3.70993157592359e-15	1.06071688292758e-13	0.0165620685214008	5.05655400849416e-15	0.620290782092457	2.2969360285222
