t	POCSmin	rNBKmin	NBKmin	POCSmax	rNBKmax	NBKmax	POCSmedian	rNBKmedian	NBKmedian	POCSquant25	rNBKquant25	NBKquant25	POCSquant75	rNBKquant75	NBKquant75
0.200551523	10.6594727205821	8.13311250285017	9.19718461829104	10.6594727205821	8.13311250285017	9.19718461829104	10.6594727205821	8.13311250285017	9.19718461829104	10.6594727205821	8.13311250285017	9.19718461829104	10.6594727205821	8.13311250285017	9.19718461829104
0.401103046	3.41496230033234	2.67331769924576	7.1595698178066	3.41496230033234	2.67331769924576	7.1595698178066	3.41496230033234	2.67331769924576	7.1595698178066	3.41496230033234	2.67331769924576	7.1595698178066	3.41496230033234	2.67331769924576	7.1595698178066
0.601654569	2.39203698752261	1.66286175320884	4.30968298925279	2.39203698752261	1.66286175320884	4.30968298925279	2.39203698752261	1.66286175320884	4.30968298925279	2.39203698752261	1.66286175320884	4.30968298925279	2.39203698752261	1.66286175320884	4.30968298925279
0.802206092	1.86720070544835	1.3521817373739	2.86765208463046	1.86720070544835	1.3521817373739	2.86765208463046	1.86720070544835	1.3521817373739	2.86765208463046	1.86720070544835	1.3521817373739	2.86765208463046	1.86720070544835	1.3521817373739	2.86765208463046
1.002757615	1.47677353256573	1.15180183091517	2.19375424585752	1.47677353256573	1.15180183091517	2.19375424585752	1.47677353256573	1.15180183091517	2.19375424585752	1.47677353256573	1.15180183091517	2.19375424585752	1.47677353256573	1.15180183091517	2.19375424585752
1.203309138	1.00748600013192	1.0157782813898	2.36477157195641	1.00748600013192	1.0157782813898	2.36477157195641	1.00748600013192	1.0157782813898	2.36477157195641	1.00748600013192	1.0157782813898	2.36477157195641	1.00748600013192	1.0157782813898	2.36477157195641
1.403860661	0.79052298060255	0.920936429428671	1.57134769848112	0.79052298060255	0.920936429428671	1.57134769848112	0.79052298060255	0.920936429428671	1.57134769848112	0.79052298060255	0.920936429428671	1.57134769848112	0.79052298060255	0.920936429428671	1.57134769848112
1.604412184	0.689621014780299	0.838788125069401	1.37459666000035	0.689621014780299	0.838788125069401	1.37459666000035	0.689621014780299	0.838788125069401	1.37459666000035	0.689621014780299	0.838788125069401	1.37459666000035	0.689621014780299	0.838788125069401	1.37459666000035
1.804963707	0.491649242008025	0.766818556529926	1.17219330020712	0.491649242008025	0.766818556529926	1.17219330020712	0.491649242008025	0.766818556529926	1.17219330020712	0.491649242008025	0.766818556529926	1.17219330020712	0.491649242008025	0.766818556529926	1.17219330020712
2.00551523	0.39994794006297	0.715147606700292	1.18326751272591	0.39994794006297	0.715147606700292	1.18326751272591	0.39994794006297	0.715147606700292	1.18326751272591	0.39994794006297	0.715147606700292	1.18326751272591	0.39994794006297	0.715147606700292	1.18326751272591
2.206066753	0.345135990141975	0.662848294173526	1.1192957202582	0.345135990141975	0.662848294173526	1.1192957202582	0.345135990141975	0.662848294173526	1.1192957202582	0.345135990141975	0.662848294173526	1.1192957202582	0.345135990141975	0.662848294173526	1.1192957202582
2.406618276	0.284808440466047	0.622665549156331	0.93588191171502	0.284808440466047	0.622665549156331	0.93588191171502	0.284808440466047	0.622665549156331	0.93588191171502	0.284808440466047	0.622665549156331	0.93588191171502	0.284808440466047	0.622665549156331	0.93588191171502
2.607169799	0.262660519877204	0.590988615412687	0.925343104121274	0.262660519877204	0.590988615412687	0.925343104121274	0.262660519877204	0.590988615412687	0.925343104121274	0.262660519877204	0.590988615412687	0.925343104121274	0.262660519877204	0.590988615412687	0.925343104121274
2.807721322	0.230031280969526	0.56713588617855	0.760001165272645	0.230031280969526	0.56713588617855	0.760001165272645	0.230031280969526	0.56713588617855	0.760001165272645	0.230031280969526	0.56713588617855	0.760001165272645	0.230031280969526	0.56713588617855	0.760001165272645
3.008272845	0.186226682239567	0.535534691021907	0.816975253534436	0.186226682239567	0.535534691021907	0.816975253534436	0.186226682239567	0.535534691021907	0.816975253534436	0.186226682239567	0.535534691021907	0.816975253534436	0.186226682239567	0.535534691021907	0.816975253534436
3.208824368	0.177114102179415	0.512377349143383	0.831060086904309	0.177114102179415	0.512377349143383	0.831060086904309	0.177114102179415	0.512377349143383	0.831060086904309	0.177114102179415	0.512377349143383	0.831060086904309	0.177114102179415	0.512377349143383	0.831060086904309
3.409375891	0.154647134432294	0.492189412267686	0.70326220057357	0.154647134432294	0.492189412267686	0.70326220057357	0.154647134432294	0.492189412267686	0.70326220057357	0.154647134432294	0.492189412267686	0.70326220057357	0.154647134432294	0.492189412267686	0.70326220057357
3.609927414	0.12631063601734	0.472273865843645	0.655884706129024	0.12631063601734	0.472273865843645	0.655884706129024	0.12631063601734	0.472273865843645	0.655884706129024	0.12631063601734	0.472273865843645	0.655884706129024	0.12631063601734	0.472273865843645	0.655884706129024
3.810478937	0.109984976956044	0.451660442336388	0.640033630536924	0.109984976956044	0.451660442336388	0.640033630536924	0.109984976956044	0.451660442336388	0.640033630536924	0.109984976956044	0.451660442336388	0.640033630536924	0.109984976956044	0.451660442336388	0.640033630536924
4.01103046	0.0955171574374594	0.438970373264187	0.535544982318178	0.0955171574374594	0.438970373264187	0.535544982318178	0.0955171574374594	0.438970373264187	0.535544982318178	0.0955171574374594	0.438970373264187	0.535544982318178	0.0955171574374594	0.438970373264187	0.535544982318178
4.211581983	0.0866714685446335	0.422753721599784	0.54762460521952	0.0866714685446335	0.422753721599784	0.54762460521952	0.0866714685446335	0.422753721599784	0.54762460521952	0.0866714685446335	0.422753721599784	0.54762460521952	0.0866714685446335	0.422753721599784	0.54762460521952
4.412133506	0.0794127828086252	0.407819041159305	0.552975400992355	0.0794127828086252	0.407819041159305	0.552975400992355	0.0794127828086252	0.407819041159305	0.552975400992355	0.0794127828086252	0.407819041159305	0.552975400992355	0.0794127828086252	0.407819041159305	0.552975400992355
4.612685029	0.0708208461318811	0.389967825109783	0.556450639573383	0.0708208461318811	0.389967825109783	0.556450639573383	0.0708208461318811	0.389967825109783	0.556450639573383	0.0708208461318811	0.389967825109783	0.556450639573383	0.0708208461318811	0.389967825109783	0.556450639573383
4.813236552	0.0612641426843501	0.376704832708829	0.524124941684412	0.0612641426843501	0.376704832708829	0.524124941684412	0.0612641426843501	0.376704832708829	0.524124941684412	0.0612641426843501	0.376704832708829	0.524124941684412	0.0612641426843501	0.376704832708829	0.524124941684412
5.013788075	0.0581193024390168	0.363459364422122	0.700069659421207	0.0581193024390168	0.363459364422122	0.700069659421207	0.0581193024390168	0.363459364422122	0.700069659421207	0.0581193024390168	0.363459364422122	0.700069659421207	0.0581193024390168	0.363459364422122	0.700069659421207
5.214339598	0.0510596770030656	0.352607476883487	0.61455870904702	0.0510596770030656	0.352607476883487	0.61455870904702	0.0510596770030656	0.352607476883487	0.61455870904702	0.0510596770030656	0.352607476883487	0.61455870904702	0.0510596770030656	0.352607476883487	0.61455870904702
5.414891121	0.047077034282639	0.343008666450984	0.426001114599472	0.047077034282639	0.343008666450984	0.426001114599472	0.047077034282639	0.343008666450984	0.426001114599472	0.047077034282639	0.343008666450984	0.426001114599472	0.047077034282639	0.343008666450984	0.426001114599472
5.615442644	0.0443345165073897	0.331592308638496	0.446632969472031	0.0443345165073897	0.331592308638496	0.446632969472031	0.0443345165073897	0.331592308638496	0.446632969472031	0.0443345165073897	0.331592308638496	0.446632969472031	0.0443345165073897	0.331592308638496	0.446632969472031
5.815994167	0.0378052613417582	0.324748093681406	0.395604269756434	0.0378052613417582	0.324748093681406	0.395604269756434	0.0378052613417582	0.324748093681406	0.395604269756434	0.0378052613417582	0.324748093681406	0.395604269756434	0.0378052613417582	0.324748093681406	0.395604269756434
6.01654569	0.0387430811259407	0.312110538033334	0.449196381580148	0.0387430811259407	0.312110538033334	0.449196381580148	0.0387430811259407	0.312110538033334	0.449196381580148	0.0387430811259407	0.312110538033334	0.449196381580148	0.0387430811259407	0.312110538033334	0.449196381580148
6.217097213	0.0340450689011681	0.303450176972314	0.466507698070803	0.0340450689011681	0.303450176972314	0.466507698070803	0.0340450689011681	0.303450176972314	0.466507698070803	0.0340450689011681	0.303450176972314	0.466507698070803	0.0340450689011681	0.303450176972314	0.466507698070803
6.417648736	0.0307785216538024	0.299259140128072	0.384739099070544	0.0307785216538024	0.299259140128072	0.384739099070544	0.0307785216538024	0.299259140128072	0.384739099070544	0.0307785216538024	0.299259140128072	0.384739099070544	0.0307785216538024	0.299259140128072	0.384739099070544
6.618200259	0.0296058899250266	0.290399739206909	0.411323207965756	0.0296058899250266	0.290399739206909	0.411323207965756	0.0296058899250266	0.290399739206909	0.411323207965756	0.0296058899250266	0.290399739206909	0.411323207965756	0.0296058899250266	0.290399739206909	0.411323207965756
6.818751782	0.0276654438461414	0.282889810300241	0.498570907310908	0.0276654438461414	0.282889810300241	0.498570907310908	0.0276654438461414	0.282889810300241	0.498570907310908	0.0276654438461414	0.282889810300241	0.498570907310908	0.0276654438461414	0.282889810300241	0.498570907310908
7.019303305	0.0248069666435205	0.276722966975116	0.458151826160212	0.0248069666435205	0.276722966975116	0.458151826160212	0.0248069666435205	0.276722966975116	0.458151826160212	0.0248069666435205	0.276722966975116	0.458151826160212	0.0248069666435205	0.276722966975116	0.458151826160212
7.219854828	0.0239118650756803	0.2688164794942	0.522170230845034	0.0239118650756803	0.2688164794942	0.522170230845034	0.0239118650756803	0.2688164794942	0.522170230845034	0.0239118650756803	0.2688164794942	0.522170230845034	0.0239118650756803	0.2688164794942	0.522170230845034
7.420406351	0.0235808703706655	0.262306806317915	0.414268886896612	0.0235808703706655	0.262306806317915	0.414268886896612	0.0235808703706655	0.262306806317915	0.414268886896612	0.0235808703706655	0.262306806317915	0.414268886896612	0.0235808703706655	0.262306806317915	0.414268886896612
7.620957874	0.0204850720117241	0.256300131875727	0.426524856681315	0.0204850720117241	0.256300131875727	0.426524856681315	0.0204850720117241	0.256300131875727	0.426524856681315	0.0204850720117241	0.256300131875727	0.426524856681315	0.0204850720117241	0.256300131875727	0.426524856681315
7.821509397	0.0192674418402568	0.250959536392786	0.43509610597716	0.0192674418402568	0.250959536392786	0.43509610597716	0.0192674418402568	0.250959536392786	0.43509610597716	0.0192674418402568	0.250959536392786	0.43509610597716	0.0192674418402568	0.250959536392786	0.43509610597716
8.02206092	0.0181035584803449	0.246153126050179	0.380498021625372	0.0181035584803449	0.246153126050179	0.380498021625372	0.0181035584803449	0.246153126050179	0.380498021625372	0.0181035584803449	0.246153126050179	0.380498021625372	0.0181035584803449	0.246153126050179	0.380498021625372
8.222612443	0.0172074393915555	0.242933310485911	0.345333572554407	0.0172074393915555	0.242933310485911	0.345333572554407	0.0172074393915555	0.242933310485911	0.345333572554407	0.0172074393915555	0.242933310485911	0.345333572554407	0.0172074393915555	0.242933310485911	0.345333572554407
8.423163966	0.0159506711565885	0.238340554492366	0.365165153191759	0.0159506711565885	0.238340554492366	0.365165153191759	0.0159506711565885	0.238340554492366	0.365165153191759	0.0159506711565885	0.238340554492366	0.365165153191759	0.0159506711565885	0.238340554492366	0.365165153191759
8.623715489	0.015504654876889	0.233821466675079	0.425864878425742	0.015504654876889	0.233821466675079	0.425864878425742	0.015504654876889	0.233821466675079	0.425864878425742	0.015504654876889	0.233821466675079	0.425864878425742	0.015504654876889	0.233821466675079	0.425864878425742
8.824267012	0.0145647328737953	0.231362385845065	0.369310656684149	0.0145647328737953	0.231362385845065	0.369310656684149	0.0145647328737953	0.231362385845065	0.369310656684149	0.0145647328737953	0.231362385845065	0.369310656684149	0.0145647328737953	0.231362385845065	0.369310656684149
9.024818535	0.0146723875748968	0.228859626365531	0.317921639044447	0.0146723875748968	0.228859626365531	0.317921639044447	0.0146723875748968	0.228859626365531	0.317921639044447	0.0146723875748968	0.228859626365531	0.317921639044447	0.0146723875748968	0.228859626365531	0.317921639044447
9.225370058	0.0126736988437748	0.22443002569708	0.410420096043206	0.0126736988437748	0.22443002569708	0.410420096043206	0.0126736988437748	0.22443002569708	0.410420096043206	0.0126736988437748	0.22443002569708	0.410420096043206	0.0126736988437748	0.22443002569708	0.410420096043206
9.425921581	0.0120975421901362	0.221772678944351	0.384508263828256	0.0120975421901362	0.221772678944351	0.384508263828256	0.0120975421901362	0.221772678944351	0.384508263828256	0.0120975421901362	0.221772678944351	0.384508263828256	0.0120975421901362	0.221772678944351	0.384508263828256
9.626473104	0.0112768236090677	0.221021091451788	0.405588150100633	0.0112768236090677	0.221021091451788	0.405588150100633	0.0112768236090677	0.221021091451788	0.405588150100633	0.0112768236090677	0.221021091451788	0.405588150100633	0.0112768236090677	0.221021091451788	0.405588150100633
9.827024627	0.0113273805048608	0.217550016368455	0.377521138924547	0.0113273805048608	0.217550016368455	0.377521138924547	0.0113273805048608	0.217550016368455	0.377521138924547	0.0113273805048608	0.217550016368455	0.377521138924547	0.0113273805048608	0.217550016368455	0.377521138924547
10.02757615	0.0105181303219243	0.216542598290536	0.503643809191567	0.0105181303219243	0.216542598290536	0.503643809191567	0.0105181303219243	0.216542598290536	0.503643809191567	0.0105181303219243	0.216542598290536	0.503643809191567	0.0105181303219243	0.216542598290536	0.503643809191567
10.228127673	0.00901253023469393	0.214832077922911	0.386629490237736	0.00901253023469393	0.214832077922911	0.386629490237736	0.00901253023469393	0.214832077922911	0.386629490237736	0.00901253023469393	0.214832077922911	0.386629490237736	0.00901253023469393	0.214832077922911	0.386629490237736
10.428679196	0.00813695249141651	0.212688502591534	0.335222973417029	0.00813695249141651	0.212688502591534	0.335222973417029	0.00813695249141651	0.212688502591534	0.335222973417029	0.00813695249141651	0.212688502591534	0.335222973417029	0.00813695249141651	0.212688502591534	0.335222973417029
10.629230719	0.00806301361594502	0.212287437358095	0.308343431390206	0.00806301361594502	0.212287437358095	0.308343431390206	0.00806301361594502	0.212287437358095	0.308343431390206	0.00806301361594502	0.212287437358095	0.308343431390206	0.00806301361594502	0.212287437358095	0.308343431390206
10.829782242	0.00782426757564564	0.20919301873586	0.365900609500239	0.00782426757564564	0.20919301873586	0.365900609500239	0.00782426757564564	0.20919301873586	0.365900609500239	0.00782426757564564	0.20919301873586	0.365900609500239	0.00782426757564564	0.20919301873586	0.365900609500239
11.030333765	0.00707811249642869	0.208805203385374	0.343013650827797	0.00707811249642869	0.208805203385374	0.343013650827797	0.00707811249642869	0.208805203385374	0.343013650827797	0.00707811249642869	0.208805203385374	0.343013650827797	0.00707811249642869	0.208805203385374	0.343013650827797
11.230885288	0.00662288900064488	0.205811263867064	0.36003634896591	0.00662288900064488	0.205811263867064	0.36003634896591	0.00662288900064488	0.205811263867064	0.36003634896591	0.00662288900064488	0.205811263867064	0.36003634896591	0.00662288900064488	0.205811263867064	0.36003634896591
11.431436811	0.00652071624239128	0.204771129496882	0.3256321460515	0.00652071624239128	0.204771129496882	0.3256321460515	0.00652071624239128	0.204771129496882	0.3256321460515	0.00652071624239128	0.204771129496882	0.3256321460515	0.00652071624239128	0.204771129496882	0.3256321460515
11.631988334	0.00586116309547213	0.203417454652217	0.392863659245819	0.00586116309547213	0.203417454652217	0.392863659245819	0.00586116309547213	0.203417454652217	0.392863659245819	0.00586116309547213	0.203417454652217	0.392863659245819	0.00586116309547213	0.203417454652217	0.392863659245819
11.832539857	0.00545406320857221	0.202886933726096	0.375179868518338	0.00545406320857221	0.202886933726096	0.375179868518338	0.00545406320857221	0.202886933726096	0.375179868518338	0.00545406320857221	0.202886933726096	0.375179868518338	0.00545406320857221	0.202886933726096	0.375179868518338
12.03309138	0.0050903745398679	0.200069134496536	0.451613769564401	0.0050903745398679	0.200069134496536	0.451613769564401	0.0050903745398679	0.200069134496536	0.451613769564401	0.0050903745398679	0.200069134496536	0.451613769564401	0.0050903745398679	0.200069134496536	0.451613769564401
12.233642903	0.00465070644045297	0.200376233511738	0.317230273441258	0.00465070644045297	0.200376233511738	0.317230273441258	0.00465070644045297	0.200376233511738	0.317230273441258	0.00465070644045297	0.200376233511738	0.317230273441258	0.00465070644045297	0.200376233511738	0.317230273441258
12.434194426	0.00427026487566879	0.19683539627467	0.315359473152035	0.00427026487566879	0.19683539627467	0.315359473152035	0.00427026487566879	0.19683539627467	0.315359473152035	0.00427026487566879	0.19683539627467	0.315359473152035	0.00427026487566879	0.19683539627467	0.315359473152035
12.634745949	0.00407032902493179	0.196794793933025	0.322647827076784	0.00407032902493179	0.196794793933025	0.322647827076784	0.00407032902493179	0.196794793933025	0.322647827076784	0.00407032902493179	0.196794793933025	0.322647827076784	0.00407032902493179	0.196794793933025	0.322647827076784
12.835297472	0.00400199997399559	0.19544050467528	0.307948173049852	0.00400199997399559	0.19544050467528	0.307948173049852	0.00400199997399559	0.19544050467528	0.307948173049852	0.00400199997399559	0.19544050467528	0.307948173049852	0.00400199997399559	0.19544050467528	0.307948173049852
13.035848995	0.00358518196840081	0.19395951241142	0.299344988216856	0.00358518196840081	0.19395951241142	0.299344988216856	0.00358518196840081	0.19395951241142	0.299344988216856	0.00358518196840081	0.19395951241142	0.299344988216856	0.00358518196840081	0.19395951241142	0.299344988216856
13.236400518	0.00325096791837784	0.1910157645957	0.449065449952984	0.00325096791837784	0.1910157645957	0.449065449952984	0.00325096791837784	0.1910157645957	0.449065449952984	0.00325096791837784	0.1910157645957	0.449065449952984	0.00325096791837784	0.1910157645957	0.449065449952984
13.436952041	0.00316331356797439	0.190732943492063	0.461799300063952	0.00316331356797439	0.190732943492063	0.461799300063952	0.00316331356797439	0.190732943492063	0.461799300063952	0.00316331356797439	0.190732943492063	0.461799300063952	0.00316331356797439	0.190732943492063	0.461799300063952
13.637503564	0.0029460278837402	0.189741523525482	0.336229790568824	0.0029460278837402	0.189741523525482	0.336229790568824	0.0029460278837402	0.189741523525482	0.336229790568824	0.0029460278837402	0.189741523525482	0.336229790568824	0.0029460278837402	0.189741523525482	0.336229790568824
13.838055087	0.00278908480704804	0.187950485908732	0.416449539186822	0.00278908480704804	0.187950485908732	0.416449539186822	0.00278908480704804	0.187950485908732	0.416449539186822	0.00278908480704804	0.187950485908732	0.416449539186822	0.00278908480704804	0.187950485908732	0.416449539186822
14.03860661	0.00260574843664358	0.18542039840442	0.32349133877924	0.00260574843664358	0.18542039840442	0.32349133877924	0.00260574843664358	0.18542039840442	0.32349133877924	0.00260574843664358	0.18542039840442	0.32349133877924	0.00260574843664358	0.18542039840442	0.32349133877924
14.239158133	0.00253601796912737	0.183963077962804	0.318361321249761	0.00253601796912737	0.183963077962804	0.318361321249761	0.00253601796912737	0.183963077962804	0.318361321249761	0.00253601796912737	0.183963077962804	0.318361321249761	0.00253601796912737	0.183963077962804	0.318361321249761
14.439709656	0.00237479416314599	0.181625476016293	0.313542587699563	0.00237479416314599	0.181625476016293	0.313542587699563	0.00237479416314599	0.181625476016293	0.313542587699563	0.00237479416314599	0.181625476016293	0.313542587699563	0.00237479416314599	0.181625476016293	0.313542587699563
14.640261179	0.00213451051395844	0.180233079383357	0.341477787102638	0.00213451051395844	0.180233079383357	0.341477787102638	0.00213451051395844	0.180233079383357	0.341477787102638	0.00213451051395844	0.180233079383357	0.341477787102638	0.00213451051395844	0.180233079383357	0.341477787102638
14.840812702	0.00204041913595551	0.179087158056088	0.324763944980558	0.00204041913595551	0.179087158056088	0.324763944980558	0.00204041913595551	0.179087158056088	0.324763944980558	0.00204041913595551	0.179087158056088	0.324763944980558	0.00204041913595551	0.179087158056088	0.324763944980558
15.041364225	0.00194303285510455	0.177588039188454	0.391759151070414	0.00194303285510455	0.177588039188454	0.391759151070414	0.00194303285510455	0.177588039188454	0.391759151070414	0.00194303285510455	0.177588039188454	0.391759151070414	0.00194303285510455	0.177588039188454	0.391759151070414
15.241915748	0.00187662610253797	0.17535074234081	0.317568881368434	0.00187662610253797	0.17535074234081	0.317568881368434	0.00187662610253797	0.17535074234081	0.317568881368434	0.00187662610253797	0.17535074234081	0.317568881368434	0.00187662610253797	0.17535074234081	0.317568881368434
15.442467271	0.00159657247729644	0.174519687065875	0.392408834836715	0.00159657247729644	0.174519687065875	0.392408834836715	0.00159657247729644	0.174519687065875	0.392408834836715	0.00159657247729644	0.174519687065875	0.392408834836715	0.00159657247729644	0.174519687065875	0.392408834836715
15.643018794	0.00150911512568928	0.17311880652239	0.296979953061225	0.00150911512568928	0.17311880652239	0.296979953061225	0.00150911512568928	0.17311880652239	0.296979953061225	0.00150911512568928	0.17311880652239	0.296979953061225	0.00150911512568928	0.17311880652239	0.296979953061225
15.843570317	0.00143358827830835	0.170039027683303	0.301843932517966	0.00143358827830835	0.170039027683303	0.301843932517966	0.00143358827830835	0.170039027683303	0.301843932517966	0.00143358827830835	0.170039027683303	0.301843932517966	0.00143358827830835	0.170039027683303	0.301843932517966
16.04412184	0.00136066192808487	0.168850628539903	0.33485424456275	0.00136066192808487	0.168850628539903	0.33485424456275	0.00136066192808487	0.168850628539903	0.33485424456275	0.00136066192808487	0.168850628539903	0.33485424456275	0.00136066192808487	0.168850628539903	0.33485424456275
16.244673363	0.00131708483519623	0.166508036530013	0.383218254829549	0.00131708483519623	0.166508036530013	0.383218254829549	0.00131708483519623	0.166508036530013	0.383218254829549	0.00131708483519623	0.166508036530013	0.383218254829549	0.00131708483519623	0.166508036530013	0.383218254829549
16.445224886	0.00112564296735338	0.165473309897172	0.352756815006801	0.00112564296735338	0.165473309897172	0.352756815006801	0.00112564296735338	0.165473309897172	0.352756815006801	0.00112564296735338	0.165473309897172	0.352756815006801	0.00112564296735338	0.165473309897172	0.352756815006801
16.645776409	0.00112342904089205	0.163697641386685	0.286520822880933	0.00112342904089205	0.163697641386685	0.286520822880933	0.00112342904089205	0.163697641386685	0.286520822880933	0.00112342904089205	0.163697641386685	0.286520822880933	0.00112342904089205	0.163697641386685	0.286520822880933
16.846327932	0.000995143749760883	0.161873105430971	0.320039639814572	0.000995143749760883	0.161873105430971	0.320039639814572	0.000995143749760883	0.161873105430971	0.320039639814572	0.000995143749760883	0.161873105430971	0.320039639814572	0.000995143749760883	0.161873105430971	0.320039639814572
17.046879455	0.000989099081746182	0.158952352646607	0.27402449892821	0.000989099081746182	0.158952352646607	0.27402449892821	0.000989099081746182	0.158952352646607	0.27402449892821	0.000989099081746182	0.158952352646607	0.27402449892821	0.000989099081746182	0.158952352646607	0.27402449892821
17.247430978	0.000893449401814079	0.15680762904268	0.306958415971858	0.000893449401814079	0.15680762904268	0.306958415971858	0.000893449401814079	0.15680762904268	0.306958415971858	0.000893449401814079	0.15680762904268	0.306958415971858	0.000893449401814079	0.15680762904268	0.306958415971858
17.447982501	0.000898607386796873	0.155774613662686	0.256691957792992	0.000898607386796873	0.155774613662686	0.256691957792992	0.000898607386796873	0.155774613662686	0.256691957792992	0.000898607386796873	0.155774613662686	0.256691957792992	0.000898607386796873	0.155774613662686	0.256691957792992
17.648534024	0.000825773463012088	0.152539661843372	0.217347400910147	0.000825773463012088	0.152539661843372	0.217347400910147	0.000825773463012088	0.152539661843372	0.217347400910147	0.000825773463012088	0.152539661843372	0.217347400910147	0.000825773463012088	0.152539661843372	0.217347400910147
17.849085547	0.000781433027770901	0.15101084329747	0.243452950316243	0.000781433027770901	0.15101084329747	0.243452950316243	0.000781433027770901	0.15101084329747	0.243452950316243	0.000781433027770901	0.15101084329747	0.243452950316243	0.000781433027770901	0.15101084329747	0.243452950316243
18.04963707	0.000737217923079365	0.149647686402973	0.201610509008388	0.000737217923079365	0.149647686402973	0.201610509008388	0.000737217923079365	0.149647686402973	0.201610509008388	0.000737217923079365	0.149647686402973	0.201610509008388	0.000737217923079365	0.149647686402973	0.201610509008388
18.250188593	0.000671846389499111	0.147494986693487	0.17579457320634	0.000671846389499111	0.147494986693487	0.17579457320634	0.000671846389499111	0.147494986693487	0.17579457320634	0.000671846389499111	0.147494986693487	0.17579457320634	0.000671846389499111	0.147494986693487	0.17579457320634
18.450740116	0.0006161107104011	0.14575290951366	0.215401441623112	0.0006161107104011	0.14575290951366	0.215401441623112	0.0006161107104011	0.14575290951366	0.215401441623112	0.0006161107104011	0.14575290951366	0.215401441623112	0.0006161107104011	0.14575290951366	0.215401441623112
18.651291639	0.000571771891384591	0.143492689931622	0.162223933805829	0.000571771891384591	0.143492689931622	0.162223933805829	0.000571771891384591	0.143492689931622	0.162223933805829	0.000571771891384591	0.143492689931622	0.162223933805829	0.000571771891384591	0.143492689931622	0.162223933805829
18.851843162	0.000578730111956303	0.141762378199253	0.180116443853515	0.000578730111956303	0.141762378199253	0.180116443853515	0.000578730111956303	0.141762378199253	0.180116443853515	0.000578730111956303	0.141762378199253	0.180116443853515	0.000578730111956303	0.141762378199253	0.180116443853515
19.052394685	0.000503957209305409	0.141798385968674	0.183325179998287	0.000503957209305409	0.141798385968674	0.183325179998287	0.000503957209305409	0.141798385968674	0.183325179998287	0.000503957209305409	0.141798385968674	0.183325179998287	0.000503957209305409	0.141798385968674	0.183325179998287
19.252946208	0.000474408830682332	0.139828963040746	0.172651194963659	0.000474408830682332	0.139828963040746	0.172651194963659	0.000474408830682332	0.139828963040746	0.172651194963659	0.000474408830682332	0.139828963040746	0.172651194963659	0.000474408830682332	0.139828963040746	0.172651194963659
19.453497731	0.000430765633365764	0.137534375827651	0.217646819935024	0.000430765633365764	0.137534375827651	0.217646819935024	0.000430765633365764	0.137534375827651	0.217646819935024	0.000430765633365764	0.137534375827651	0.217646819935024	0.000430765633365764	0.137534375827651	0.217646819935024
19.654049254	0.000409901603206442	0.136576268912011	0.172326690462048	0.000409901603206442	0.136576268912011	0.172326690462048	0.000409901603206442	0.136576268912011	0.172326690462048	0.000409901603206442	0.136576268912011	0.172326690462048	0.000409901603206442	0.136576268912011	0.172326690462048
19.854600777	0.00042889799649328	0.134519964020733	0.146846743058282	0.00042889799649328	0.134519964020733	0.146846743058282	0.00042889799649328	0.134519964020733	0.146846743058282	0.00042889799649328	0.134519964020733	0.146846743058282	0.00042889799649328	0.134519964020733	0.146846743058282
20.0551523	0.000361169007573112	0.132236652079127	0.177723616143488	0.000361169007573112	0.132236652079127	0.177723616143488	0.000361169007573112	0.132236652079127	0.177723616143488	0.000361169007573112	0.132236652079127	0.177723616143488	0.000361169007573112	0.132236652079127	0.177723616143488
20.255703823	0.000374120025361738	0.130456531059723	0.163808032357831	0.000374120025361738	0.130456531059723	0.163808032357831	0.000374120025361738	0.130456531059723	0.163808032357831	0.000374120025361738	0.130456531059723	0.163808032357831	0.000374120025361738	0.130456531059723	0.163808032357831
20.456255346	0.000321148618746571	0.128744055714065	0.146014362238356	0.000321148618746571	0.128744055714065	0.146014362238356	0.000321148618746571	0.128744055714065	0.146014362238356	0.000321148618746571	0.128744055714065	0.146014362238356	0.000321148618746571	0.128744055714065	0.146014362238356
20.656806869	0.000307413751537871	0.127723127907433	0.132314689665475	0.000307413751537871	0.127723127907433	0.132314689665475	0.000307413751537871	0.127723127907433	0.132314689665475	0.000307413751537871	0.127723127907433	0.132314689665475	0.000307413751537871	0.127723127907433	0.132314689665475
20.857358392	0.000273896119802897	0.125250834259613	0.188441613635514	0.000273896119802897	0.125250834259613	0.188441613635514	0.000273896119802897	0.125250834259613	0.188441613635514	0.000273896119802897	0.125250834259613	0.188441613635514	0.000273896119802897	0.125250834259613	0.188441613635514
21.057909915	0.000250966567188264	0.123850839547303	0.161387625998341	0.000250966567188264	0.123850839547303	0.161387625998341	0.000250966567188264	0.123850839547303	0.161387625998341	0.000250966567188264	0.123850839547303	0.161387625998341	0.000250966567188264	0.123850839547303	0.161387625998341
21.258461438	0.000244875225826862	0.121583891365918	0.182176275705072	0.000244875225826862	0.121583891365918	0.182176275705072	0.000244875225826862	0.121583891365918	0.182176275705072	0.000244875225826862	0.121583891365918	0.182176275705072	0.000244875225826862	0.121583891365918	0.182176275705072
21.459012961	0.000214998246725276	0.11974205118666	0.196147307923919	0.000214998246725276	0.11974205118666	0.196147307923919	0.000214998246725276	0.11974205118666	0.196147307923919	0.000214998246725276	0.11974205118666	0.196147307923919	0.000214998246725276	0.11974205118666	0.196147307923919
21.659564484	0.000203122626543448	0.117916042121329	0.149647216672753	0.000203122626543448	0.117916042121329	0.149647216672753	0.000203122626543448	0.117916042121329	0.149647216672753	0.000203122626543448	0.117916042121329	0.149647216672753	0.000203122626543448	0.117916042121329	0.149647216672753
21.860116007	0.000187459503882759	0.116751218267629	0.142011923060399	0.000187459503882759	0.116751218267629	0.142011923060399	0.000187459503882759	0.116751218267629	0.142011923060399	0.000187459503882759	0.116751218267629	0.142011923060399	0.000187459503882759	0.116751218267629	0.142011923060399
22.06066753	0.000178174354018456	0.114087131840931	0.151213581980877	0.000178174354018456	0.114087131840931	0.151213581980877	0.000178174354018456	0.114087131840931	0.151213581980877	0.000178174354018456	0.114087131840931	0.151213581980877	0.000178174354018456	0.114087131840931	0.151213581980877
22.261219053	0.000165177231227155	0.111945189754252	0.150808703681722	0.000165177231227155	0.111945189754252	0.150808703681722	0.000165177231227155	0.111945189754252	0.150808703681722	0.000165177231227155	0.111945189754252	0.150808703681722	0.000165177231227155	0.111945189754252	0.150808703681722
22.461770576	0.000158232995584462	0.109019746822578	0.169126679864651	0.000158232995584462	0.109019746822578	0.169126679864651	0.000158232995584462	0.109019746822578	0.169126679864651	0.000158232995584462	0.109019746822578	0.169126679864651	0.000158232995584462	0.109019746822578	0.169126679864651
22.662322099	0.000149893753464323	0.107429452726488	0.190071164349431	0.000149893753464323	0.107429452726488	0.190071164349431	0.000149893753464323	0.107429452726488	0.190071164349431	0.000149893753464323	0.107429452726488	0.190071164349431	0.000149893753464323	0.107429452726488	0.190071164349431
22.862873622	0.000142433966554724	0.106113314600072	0.194212671928585	0.000142433966554724	0.106113314600072	0.194212671928585	0.000142433966554724	0.106113314600072	0.194212671928585	0.000142433966554724	0.106113314600072	0.194212671928585	0.000142433966554724	0.106113314600072	0.194212671928585
23.063425145	0.000137721739770301	0.103410289327649	0.143570483794861	0.000137721739770301	0.103410289327649	0.143570483794861	0.000137721739770301	0.103410289327649	0.143570483794861	0.000137721739770301	0.103410289327649	0.143570483794861	0.000137721739770301	0.103410289327649	0.143570483794861
23.263976668	0.000121901453547962	0.100464786216309	0.150662746374426	0.000121901453547962	0.100464786216309	0.150662746374426	0.000121901453547962	0.100464786216309	0.150662746374426	0.000121901453547962	0.100464786216309	0.150662746374426	0.000121901453547962	0.100464786216309	0.150662746374426
23.464528191	0.000113200909421327	0.0989460805518318	0.155987357307438	0.000113200909421327	0.0989460805518318	0.155987357307438	0.000113200909421327	0.0989460805518318	0.155987357307438	0.000113200909421327	0.0989460805518318	0.155987357307438	0.000113200909421327	0.0989460805518318	0.155987357307438
23.665079714	0.000104160852173633	0.0963272939322374	0.117497825725671	0.000104160852173633	0.0963272939322374	0.117497825725671	0.000104160852173633	0.0963272939322374	0.117497825725671	0.000104160852173633	0.0963272939322374	0.117497825725671	0.000104160852173633	0.0963272939322374	0.117497825725671
23.865631237	9.81495870080234e-05	0.0948292619160995	0.0914700053982676	9.81495870080234e-05	0.0948292619160995	0.0914700053982676	9.81495870080234e-05	0.0948292619160995	0.0914700053982676	9.81495870080234e-05	0.0948292619160995	0.0914700053982676	9.81495870080234e-05	0.0948292619160995	0.0914700053982676
24.06618276	9.19960956964885e-05	0.0922640896509816	0.0783075516645828	9.19960956964885e-05	0.0922640896509816	0.0783075516645828	9.19960956964885e-05	0.0922640896509816	0.0783075516645828	9.19960956964885e-05	0.0922640896509816	0.0783075516645828	9.19960956964885e-05	0.0922640896509816	0.0783075516645828
24.266734283	8.60172492656414e-05	0.0909528494250072	0.085282871048151	8.60172492656414e-05	0.0909528494250072	0.085282871048151	8.60172492656414e-05	0.0909528494250072	0.085282871048151	8.60172492656414e-05	0.0909528494250072	0.085282871048151	8.60172492656414e-05	0.0909528494250072	0.085282871048151
24.467285806	8.26974648634154e-05	0.0877354635975755	0.0614799196148581	8.26974648634154e-05	0.0877354635975755	0.0614799196148581	8.26974648634154e-05	0.0877354635975755	0.0614799196148581	8.26974648634154e-05	0.0877354635975755	0.0614799196148581	8.26974648634154e-05	0.0877354635975755	0.0614799196148581
24.667837329	7.51603662794378e-05	0.0856943842348443	0.0699039495104896	7.51603662794378e-05	0.0856943842348443	0.0699039495104896	7.51603662794378e-05	0.0856943842348443	0.0699039495104896	7.51603662794378e-05	0.0856943842348443	0.0699039495104896	7.51603662794378e-05	0.0856943842348443	0.0699039495104896
24.868388852	7.49853564891439e-05	0.0836577363306342	0.0690658857739628	7.49853564891439e-05	0.0836577363306342	0.0690658857739628	7.49853564891439e-05	0.0836577363306342	0.0690658857739628	7.49853564891439e-05	0.0836577363306342	0.0690658857739628	7.49853564891439e-05	0.0836577363306342	0.0690658857739628
25.068940375	6.44181052160912e-05	0.0817568086133087	0.0663627904617072	6.44181052160912e-05	0.0817568086133087	0.0663627904617072	6.44181052160912e-05	0.0817568086133087	0.0663627904617072	6.44181052160912e-05	0.0817568086133087	0.0663627904617072	6.44181052160912e-05	0.0817568086133087	0.0663627904617072
25.269491898	6.44301999215656e-05	0.079763697205599	0.0722572049041312	6.44301999215656e-05	0.079763697205599	0.0722572049041312	6.44301999215656e-05	0.079763697205599	0.0722572049041312	6.44301999215656e-05	0.079763697205599	0.0722572049041312	6.44301999215656e-05	0.079763697205599	0.0722572049041312
25.470043421	6.07588606820172e-05	0.0789041299673993	0.0685000612939568	6.07588606820172e-05	0.0789041299673993	0.0685000612939568	6.07588606820172e-05	0.0789041299673993	0.0685000612939568	6.07588606820172e-05	0.0789041299673993	0.0685000612939568	6.07588606820172e-05	0.0789041299673993	0.0685000612939568
25.670594944	5.72169731062008e-05	0.0779764981282015	0.0698608477186217	5.72169731062008e-05	0.0779764981282015	0.0698608477186217	5.72169731062008e-05	0.0779764981282015	0.0698608477186217	5.72169731062008e-05	0.0779764981282015	0.0698608477186217	5.72169731062008e-05	0.0779764981282015	0.0698608477186217
25.871146467	5.66769704306754e-05	0.0759311232987085	0.0645103711393325	5.66769704306754e-05	0.0759311232987085	0.0645103711393325	5.66769704306754e-05	0.0759311232987085	0.0645103711393325	5.66769704306754e-05	0.0759311232987085	0.0645103711393325	5.66769704306754e-05	0.0759311232987085	0.0645103711393325
26.07169799	5.37762711485843e-05	0.0742950202481102	0.0583225201951458	5.37762711485843e-05	0.0742950202481102	0.0583225201951458	5.37762711485843e-05	0.0742950202481102	0.0583225201951458	5.37762711485843e-05	0.0742950202481102	0.0583225201951458	5.37762711485843e-05	0.0742950202481102	0.0583225201951458
26.272249513	4.91272004992907e-05	0.0731313290868051	0.0651193343051467	4.91272004992907e-05	0.0731313290868051	0.0651193343051467	4.91272004992907e-05	0.0731313290868051	0.0651193343051467	4.91272004992907e-05	0.0731313290868051	0.0651193343051467	4.91272004992907e-05	0.0731313290868051	0.0651193343051467
26.472801036	4.5241203721008e-05	0.0720236690105282	0.0676705039563842	4.5241203721008e-05	0.0720236690105282	0.0676705039563842	4.5241203721008e-05	0.0720236690105282	0.0676705039563842	4.5241203721008e-05	0.0720236690105282	0.0676705039563842	4.5241203721008e-05	0.0720236690105282	0.0676705039563842
26.673352559	4.59680787929963e-05	0.0705104755132897	0.0561560678999701	4.59680787929963e-05	0.0705104755132897	0.0561560678999701	4.59680787929963e-05	0.0705104755132897	0.0561560678999701	4.59680787929963e-05	0.0705104755132897	0.0561560678999701	4.59680787929963e-05	0.0705104755132897	0.0561560678999701
26.873904082	4.09466493202675e-05	0.0694285751156896	0.0525119838232684	4.09466493202675e-05	0.0694285751156896	0.0525119838232684	4.09466493202675e-05	0.0694285751156896	0.0525119838232684	4.09466493202675e-05	0.0694285751156896	0.0525119838232684	4.09466493202675e-05	0.0694285751156896	0.0525119838232684
27.074455605	3.76874077505141e-05	0.0687713197579268	0.0716113452422875	3.76874077505141e-05	0.0687713197579268	0.0716113452422875	3.76874077505141e-05	0.0687713197579268	0.0716113452422875	3.76874077505141e-05	0.0687713197579268	0.0716113452422875	3.76874077505141e-05	0.0687713197579268	0.0716113452422875
27.275007128	3.69490279785035e-05	0.0676574894077576	0.0633811151586309	3.69490279785035e-05	0.0676574894077576	0.0633811151586309	3.69490279785035e-05	0.0676574894077576	0.0633811151586309	3.69490279785035e-05	0.0676574894077576	0.0633811151586309	3.69490279785035e-05	0.0676574894077576	0.0633811151586309
27.475558651	3.55501277254968e-05	0.0667742760041047	0.0691940004679932	3.55501277254968e-05	0.0667742760041047	0.0691940004679932	3.55501277254968e-05	0.0667742760041047	0.0691940004679932	3.55501277254968e-05	0.0667742760041047	0.0691940004679932	3.55501277254968e-05	0.0667742760041047	0.0691940004679932
27.676110174	3.26226271893877e-05	0.0659383020508032	0.0600307902899222	3.26226271893877e-05	0.0659383020508032	0.0600307902899222	3.26226271893877e-05	0.0659383020508032	0.0600307902899222	3.26226271893877e-05	0.0659383020508032	0.0600307902899222	3.26226271893877e-05	0.0659383020508032	0.0600307902899222
27.876661697	2.98831719245859e-05	0.0644711033364522	0.0509490863693999	2.98831719245859e-05	0.0644711033364522	0.0509490863693999	2.98831719245859e-05	0.0644711033364522	0.0509490863693999	2.98831719245859e-05	0.0644711033364522	0.0509490863693999	2.98831719245859e-05	0.0644711033364522	0.0509490863693999
28.07721322	2.81119678484136e-05	0.0638569488041546	0.05560980984841	2.81119678484136e-05	0.0638569488041546	0.05560980984841	2.81119678484136e-05	0.0638569488041546	0.05560980984841	2.81119678484136e-05	0.0638569488041546	0.05560980984841	2.81119678484136e-05	0.0638569488041546	0.05560980984841
28.277764743	2.65657291623221e-05	0.0636854940178702	0.0677644681617153	2.65657291623221e-05	0.0636854940178702	0.0677644681617153	2.65657291623221e-05	0.0636854940178702	0.0677644681617153	2.65657291623221e-05	0.0636854940178702	0.0677644681617153	2.65657291623221e-05	0.0636854940178702	0.0677644681617153
28.478316266	2.53972593220375e-05	0.0612101982066377	0.0672165265328996	2.53972593220375e-05	0.0612101982066377	0.0672165265328996	2.53972593220375e-05	0.0612101982066377	0.0672165265328996	2.53972593220375e-05	0.0612101982066377	0.0672165265328996	2.53972593220375e-05	0.0612101982066377	0.0672165265328996
28.678867789	2.09420744548392e-05	0.0602915660427387	0.0847571877019841	2.09420744548392e-05	0.0602915660427387	0.0847571877019841	2.09420744548392e-05	0.0602915660427387	0.0847571877019841	2.09420744548392e-05	0.0602915660427387	0.0847571877019841	2.09420744548392e-05	0.0602915660427387	0.0847571877019841
28.879419312	2.05273768580888e-05	0.0598125478991822	0.0794428194133579	2.05273768580888e-05	0.0598125478991822	0.0794428194133579	2.05273768580888e-05	0.0598125478991822	0.0794428194133579	2.05273768580888e-05	0.0598125478991822	0.0794428194133579	2.05273768580888e-05	0.0598125478991822	0.0794428194133579
29.079970835	2.03720969192445e-05	0.0594266176225647	0.0583743747665194	2.03720969192445e-05	0.0594266176225647	0.0583743747665194	2.03720969192445e-05	0.0594266176225647	0.0583743747665194	2.03720969192445e-05	0.0594266176225647	0.0583743747665194	2.03720969192445e-05	0.0594266176225647	0.0583743747665194
29.280522358	1.8822213604864e-05	0.0587222141507566	0.0634841293821123	1.8822213604864e-05	0.0587222141507566	0.0634841293821123	1.8822213604864e-05	0.0587222141507566	0.0634841293821123	1.8822213604864e-05	0.0587222141507566	0.0634841293821123	1.8822213604864e-05	0.0587222141507566	0.0634841293821123
29.481073881	1.84221765157648e-05	0.0579624192970456	0.0681981105481001	1.84221765157648e-05	0.0579624192970456	0.0681981105481001	1.84221765157648e-05	0.0579624192970456	0.0681981105481001	1.84221765157648e-05	0.0579624192970456	0.0681981105481001	1.84221765157648e-05	0.0579624192970456	0.0681981105481001
29.681625404	1.56316584887936e-05	0.0571521887232421	0.0608033338515175	1.56316584887936e-05	0.0571521887232421	0.0608033338515175	1.56316584887936e-05	0.0571521887232421	0.0608033338515175	1.56316584887936e-05	0.0571521887232421	0.0608033338515175	1.56316584887936e-05	0.0571521887232421	0.0608033338515175
29.882176927	1.4274117752156e-05	0.0565688299317846	0.0621701390438322	1.4274117752156e-05	0.0565688299317846	0.0621701390438322	1.4274117752156e-05	0.0565688299317846	0.0621701390438322	1.4274117752156e-05	0.0565688299317846	0.0621701390438322	1.4274117752156e-05	0.0565688299317846	0.0621701390438322
30.08272845	1.33718444780339e-05	0.0562063362900365	0.0581415739785317	1.33718444780339e-05	0.0562063362900365	0.0581415739785317	1.33718444780339e-05	0.0562063362900365	0.0581415739785317	1.33718444780339e-05	0.0562063362900365	0.0581415739785317	1.33718444780339e-05	0.0562063362900365	0.0581415739785317
30.283279973	1.31052121606595e-05	0.055651560227604	0.0670243924420877	1.31052121606595e-05	0.055651560227604	0.0670243924420877	1.31052121606595e-05	0.055651560227604	0.0670243924420877	1.31052121606595e-05	0.055651560227604	0.0670243924420877	1.31052121606595e-05	0.055651560227604	0.0670243924420877
30.483831496	1.19946112850606e-05	0.0556441988447483	0.0678819268952779	1.19946112850606e-05	0.0556441988447483	0.0678819268952779	1.19946112850606e-05	0.0556441988447483	0.0678819268952779	1.19946112850606e-05	0.0556441988447483	0.0678819268952779	1.19946112850606e-05	0.0556441988447483	0.0678819268952779
30.684383019	1.15299832272483e-05	0.0551051498582557	0.0724406076457863	1.15299832272483e-05	0.0551051498582557	0.0724406076457863	1.15299832272483e-05	0.0551051498582557	0.0724406076457863	1.15299832272483e-05	0.0551051498582557	0.0724406076457863	1.15299832272483e-05	0.0551051498582557	0.0724406076457863
30.884934542	1.10229241315348e-05	0.0542856088739483	0.0564946195056415	1.10229241315348e-05	0.0542856088739483	0.0564946195056415	1.10229241315348e-05	0.0542856088739483	0.0564946195056415	1.10229241315348e-05	0.0542856088739483	0.0564946195056415	1.10229241315348e-05	0.0542856088739483	0.0564946195056415
31.085486065	9.78456169639438e-06	0.0539525457944024	0.0618465011432571	9.78456169639438e-06	0.0539525457944024	0.0618465011432571	9.78456169639438e-06	0.0539525457944024	0.0618465011432571	9.78456169639438e-06	0.0539525457944024	0.0618465011432571	9.78456169639438e-06	0.0539525457944024	0.0618465011432571
31.286037588	9.72187359238633e-06	0.05382598076715	0.053711977255248	9.72187359238633e-06	0.05382598076715	0.053711977255248	9.72187359238633e-06	0.05382598076715	0.053711977255248	9.72187359238633e-06	0.05382598076715	0.053711977255248	9.72187359238633e-06	0.05382598076715	0.053711977255248
31.486589111	8.94742829557984e-06	0.0525746727790447	0.0552860593693262	8.94742829557984e-06	0.0525746727790447	0.0552860593693262	8.94742829557984e-06	0.0525746727790447	0.0552860593693262	8.94742829557984e-06	0.0525746727790447	0.0552860593693262	8.94742829557984e-06	0.0525746727790447	0.0552860593693262
31.687140634	8.65620047512633e-06	0.0520320202253333	0.061223222416545	8.65620047512633e-06	0.0520320202253333	0.061223222416545	8.65620047512633e-06	0.0520320202253333	0.061223222416545	8.65620047512633e-06	0.0520320202253333	0.061223222416545	8.65620047512633e-06	0.0520320202253333	0.061223222416545
31.887692157	7.81301907939909e-06	0.0515908844736381	0.0663875202939474	7.81301907939909e-06	0.0515908844736381	0.0663875202939474	7.81301907939909e-06	0.0515908844736381	0.0663875202939474	7.81301907939909e-06	0.0515908844736381	0.0663875202939474	7.81301907939909e-06	0.0515908844736381	0.0663875202939474
32.08824368	7.51415987570674e-06	0.0513895152086964	0.060091675377131	7.51415987570674e-06	0.0513895152086964	0.060091675377131	7.51415987570674e-06	0.0513895152086964	0.060091675377131	7.51415987570674e-06	0.0513895152086964	0.060091675377131	7.51415987570674e-06	0.0513895152086964	0.060091675377131
32.288795203	7.18369717331485e-06	0.0511223096671538	0.0546646266415154	7.18369717331485e-06	0.0511223096671538	0.0546646266415154	7.18369717331485e-06	0.0511223096671538	0.0546646266415154	7.18369717331485e-06	0.0511223096671538	0.0546646266415154	7.18369717331485e-06	0.0511223096671538	0.0546646266415154
32.489346726	6.61287808361279e-06	0.0502142784175821	0.0561614495168024	6.61287808361279e-06	0.0502142784175821	0.0561614495168024	6.61287808361279e-06	0.0502142784175821	0.0561614495168024	6.61287808361279e-06	0.0502142784175821	0.0561614495168024	6.61287808361279e-06	0.0502142784175821	0.0561614495168024
32.689898249	5.94258224674079e-06	0.0497984001305403	0.0524905665410351	5.94258224674079e-06	0.0497984001305403	0.0524905665410351	5.94258224674079e-06	0.0497984001305403	0.0524905665410351	5.94258224674079e-06	0.0497984001305403	0.0524905665410351	5.94258224674079e-06	0.0497984001305403	0.0524905665410351
32.890449772	5.20069313435784e-06	0.0497240193121642	0.0631193403055476	5.20069313435784e-06	0.0497240193121642	0.0631193403055476	5.20069313435784e-06	0.0497240193121642	0.0631193403055476	5.20069313435784e-06	0.0497240193121642	0.0631193403055476	5.20069313435784e-06	0.0497240193121642	0.0631193403055476
33.091001295	5.08823305133753e-06	0.0496343734815975	0.0794809783640548	5.08823305133753e-06	0.0496343734815975	0.0794809783640548	5.08823305133753e-06	0.0496343734815975	0.0794809783640548	5.08823305133753e-06	0.0496343734815975	0.0794809783640548	5.08823305133753e-06	0.0496343734815975	0.0794809783640548
33.291552818	4.38888779969983e-06	0.0491795185712612	0.0522313863215447	4.38888779969983e-06	0.0491795185712612	0.0522313863215447	4.38888779969983e-06	0.0491795185712612	0.0522313863215447	4.38888779969983e-06	0.0491795185712612	0.0522313863215447	4.38888779969983e-06	0.0491795185712612	0.0522313863215447
33.492104341	4.19728651971131e-06	0.0494650422951248	0.0577090522584659	4.19728651971131e-06	0.0494650422951248	0.0577090522584659	4.19728651971131e-06	0.0494650422951248	0.0577090522584659	4.19728651971131e-06	0.0494650422951248	0.0577090522584659	4.19728651971131e-06	0.0494650422951248	0.0577090522584659
33.692655864	3.99371424977307e-06	0.0486701769870802	0.0562903376370838	3.99371424977307e-06	0.0486701769870802	0.0562903376370838	3.99371424977307e-06	0.0486701769870802	0.0562903376370838	3.99371424977307e-06	0.0486701769870802	0.0562903376370838	3.99371424977307e-06	0.0486701769870802	0.0562903376370838
33.893207387	3.62579546665594e-06	0.0483213552985021	0.0512068966626939	3.62579546665594e-06	0.0483213552985021	0.0512068966626939	3.62579546665594e-06	0.0483213552985021	0.0512068966626939	3.62579546665594e-06	0.0483213552985021	0.0512068966626939	3.62579546665594e-06	0.0483213552985021	0.0512068966626939
34.09375891	3.44911146015535e-06	0.0482689663150581	0.0817679264086814	3.44911146015535e-06	0.0482689663150581	0.0817679264086814	3.44911146015535e-06	0.0482689663150581	0.0817679264086814	3.44911146015535e-06	0.0482689663150581	0.0817679264086814	3.44911146015535e-06	0.0482689663150581	0.0817679264086814
34.294310433	3.20639160673609e-06	0.0479113662850516	0.068156918175877	3.20639160673609e-06	0.0479113662850516	0.068156918175877	3.20639160673609e-06	0.0479113662850516	0.068156918175877	3.20639160673609e-06	0.0479113662850516	0.068156918175877	3.20639160673609e-06	0.0479113662850516	0.068156918175877
34.494861956	2.99131959808905e-06	0.0477626192223403	0.0574663162981539	2.99131959808905e-06	0.0477626192223403	0.0574663162981539	2.99131959808905e-06	0.0477626192223403	0.0574663162981539	2.99131959808905e-06	0.0477626192223403	0.0574663162981539	2.99131959808905e-06	0.0477626192223403	0.0574663162981539
34.695413479	2.78310036336363e-06	0.0477521474943288	0.0607645481851611	2.78310036336363e-06	0.0477521474943288	0.0607645481851611	2.78310036336363e-06	0.0477521474943288	0.0607645481851611	2.78310036336363e-06	0.0477521474943288	0.0607645481851611	2.78310036336363e-06	0.0477521474943288	0.0607645481851611
34.895965002	2.44102946984414e-06	0.0474123569654798	0.0525782964723573	2.44102946984414e-06	0.0474123569654798	0.0525782964723573	2.44102946984414e-06	0.0474123569654798	0.0525782964723573	2.44102946984414e-06	0.0474123569654798	0.0525782964723573	2.44102946984414e-06	0.0474123569654798	0.0525782964723573
35.096516525	2.38354911408632e-06	0.0470469205493416	0.0681967216693344	2.38354911408632e-06	0.0470469205493416	0.0681967216693344	2.38354911408632e-06	0.0470469205493416	0.0681967216693344	2.38354911408632e-06	0.0470469205493416	0.0681967216693344	2.38354911408632e-06	0.0470469205493416	0.0681967216693344
35.297068048	2.19173580794365e-06	0.0471279742610822	0.0630637220971699	2.19173580794365e-06	0.0471279742610822	0.0630637220971699	2.19173580794365e-06	0.0471279742610822	0.0630637220971699	2.19173580794365e-06	0.0471279742610822	0.0630637220971699	2.19173580794365e-06	0.0471279742610822	0.0630637220971699
35.497619571	2.11093925148518e-06	0.0467397392375421	0.117807519601339	2.11093925148518e-06	0.0467397392375421	0.117807519601339	2.11093925148518e-06	0.0467397392375421	0.117807519601339	2.11093925148518e-06	0.0467397392375421	0.117807519601339	2.11093925148518e-06	0.0467397392375421	0.117807519601339
35.698171094	2.03308953677608e-06	0.0468056520611925	0.0512023784173746	2.03308953677608e-06	0.0468056520611925	0.0512023784173746	2.03308953677608e-06	0.0468056520611925	0.0512023784173746	2.03308953677608e-06	0.0468056520611925	0.0512023784173746	2.03308953677608e-06	0.0468056520611925	0.0512023784173746
35.898722617	1.89769314895759e-06	0.0464183348064289	0.057597395296466	1.89769314895759e-06	0.0464183348064289	0.057597395296466	1.89769314895759e-06	0.0464183348064289	0.057597395296466	1.89769314895759e-06	0.0464183348064289	0.057597395296466	1.89769314895759e-06	0.0464183348064289	0.057597395296466
36.09927414	1.76580828058688e-06	0.0464364302967141	0.059104609909136	1.76580828058688e-06	0.0464364302967141	0.059104609909136	1.76580828058688e-06	0.0464364302967141	0.059104609909136	1.76580828058688e-06	0.0464364302967141	0.059104609909136	1.76580828058688e-06	0.0464364302967141	0.059104609909136
36.299825663	1.73028938028735e-06	0.0464917231331577	0.0552707591108469	1.73028938028735e-06	0.0464917231331577	0.0552707591108469	1.73028938028735e-06	0.0464917231331577	0.0552707591108469	1.73028938028735e-06	0.0464917231331577	0.0552707591108469	1.73028938028735e-06	0.0464917231331577	0.0552707591108469
36.500377186	1.51420031486167e-06	0.0465224209545658	0.0627253217742366	1.51420031486167e-06	0.0465224209545658	0.0627253217742366	1.51420031486167e-06	0.0465224209545658	0.0627253217742366	1.51420031486167e-06	0.0465224209545658	0.0627253217742366	1.51420031486167e-06	0.0465224209545658	0.0627253217742366
36.700928709	1.44768356967963e-06	0.0462721632969237	0.059809298943865	1.44768356967963e-06	0.0462721632969237	0.059809298943865	1.44768356967963e-06	0.0462721632969237	0.059809298943865	1.44768356967963e-06	0.0462721632969237	0.059809298943865	1.44768356967963e-06	0.0462721632969237	0.059809298943865
36.901480232	1.43121887784501e-06	0.0457038245859353	0.0879508068374172	1.43121887784501e-06	0.0457038245859353	0.0879508068374172	1.43121887784501e-06	0.0457038245859353	0.0879508068374172	1.43121887784501e-06	0.0457038245859353	0.0879508068374172	1.43121887784501e-06	0.0457038245859353	0.0879508068374172
37.102031755	1.33462576068691e-06	0.0456273926637532	0.0535391016647142	1.33462576068691e-06	0.0456273926637532	0.0535391016647142	1.33462576068691e-06	0.0456273926637532	0.0535391016647142	1.33462576068691e-06	0.0456273926637532	0.0535391016647142	1.33462576068691e-06	0.0456273926637532	0.0535391016647142
37.302583278	1.26963481826168e-06	0.0466857247850374	0.0703879259909404	1.26963481826168e-06	0.0466857247850374	0.0703879259909404	1.26963481826168e-06	0.0466857247850374	0.0703879259909404	1.26963481826168e-06	0.0466857247850374	0.0703879259909404	1.26963481826168e-06	0.0466857247850374	0.0703879259909404
37.503134801	1.13153583055257e-06	0.0457070749755524	0.0694605224395239	1.13153583055257e-06	0.0457070749755524	0.0694605224395239	1.13153583055257e-06	0.0457070749755524	0.0694605224395239	1.13153583055257e-06	0.0457070749755524	0.0694605224395239	1.13153583055257e-06	0.0457070749755524	0.0694605224395239
37.703686324	1.07283256373216e-06	0.0456825885514793	0.0644462101468956	1.07283256373216e-06	0.0456825885514793	0.0644462101468956	1.07283256373216e-06	0.0456825885514793	0.0644462101468956	1.07283256373216e-06	0.0456825885514793	0.0644462101468956	1.07283256373216e-06	0.0456825885514793	0.0644462101468956
37.904237847	9.875553977283e-07	0.0454914845050093	0.0550132403567742	9.875553977283e-07	0.0454914845050093	0.0550132403567742	9.875553977283e-07	0.0454914845050093	0.0550132403567742	9.875553977283e-07	0.0454914845050093	0.0550132403567742	9.875553977283e-07	0.0454914845050093	0.0550132403567742
38.10478937	9.0211431354211e-07	0.0457035542723145	0.058073786027462	9.0211431354211e-07	0.0457035542723145	0.058073786027462	9.0211431354211e-07	0.0457035542723145	0.058073786027462	9.0211431354211e-07	0.0457035542723145	0.058073786027462	9.0211431354211e-07	0.0457035542723145	0.058073786027462
38.305340893	8.85441411288789e-07	0.0453918973366647	0.0583858358992568	8.85441411288789e-07	0.0453918973366647	0.0583858358992568	8.85441411288789e-07	0.0453918973366647	0.0583858358992568	8.85441411288789e-07	0.0453918973366647	0.0583858358992568	8.85441411288789e-07	0.0453918973366647	0.0583858358992568
38.505892416	8.39034572775799e-07	0.0454694043349493	0.0546789598301344	8.39034572775799e-07	0.0454694043349493	0.0546789598301344	8.39034572775799e-07	0.0454694043349493	0.0546789598301344	8.39034572775799e-07	0.0454694043349493	0.0546789598301344	8.39034572775799e-07	0.0454694043349493	0.0546789598301344
38.706443939	7.92305549749069e-07	0.0451662669610114	0.0658348750947818	7.92305549749069e-07	0.0451662669610114	0.0658348750947818	7.92305549749069e-07	0.0451662669610114	0.0658348750947818	7.92305549749069e-07	0.0451662669610114	0.0658348750947818	7.92305549749069e-07	0.0451662669610114	0.0658348750947818
38.906995462	7.46025249019921e-07	0.044927605027535	0.0501127377281146	7.46025249019921e-07	0.044927605027535	0.0501127377281146	7.46025249019921e-07	0.044927605027535	0.0501127377281146	7.46025249019921e-07	0.044927605027535	0.0501127377281146	7.46025249019921e-07	0.044927605027535	0.0501127377281146
39.107546985	6.57359739922316e-07	0.0454524348024289	0.0610476206969587	6.57359739922316e-07	0.0454524348024289	0.0610476206969587	6.57359739922316e-07	0.0454524348024289	0.0610476206969587	6.57359739922316e-07	0.0454524348024289	0.0610476206969587	6.57359739922316e-07	0.0454524348024289	0.0610476206969587
39.308098508	6.31584705488661e-07	0.0456606909306242	0.062229119263105	6.31584705488661e-07	0.0456606909306242	0.062229119263105	6.31584705488661e-07	0.0456606909306242	0.062229119263105	6.31584705488661e-07	0.0456606909306242	0.062229119263105	6.31584705488661e-07	0.0456606909306242	0.062229119263105
39.508650031	5.91808370572601e-07	0.0451591016226766	0.0541773595075658	5.91808370572601e-07	0.0451591016226766	0.0541773595075658	5.91808370572601e-07	0.0451591016226766	0.0541773595075658	5.91808370572601e-07	0.0451591016226766	0.0541773595075658	5.91808370572601e-07	0.0451591016226766	0.0541773595075658
39.709201554	5.97251471558346e-07	0.0451730889388967	0.0479884551935261	5.97251471558346e-07	0.0451730889388967	0.0479884551935261	5.97251471558346e-07	0.0451730889388967	0.0479884551935261	5.97251471558346e-07	0.0451730889388967	0.0479884551935261	5.97251471558346e-07	0.0451730889388967	0.0479884551935261
