t	POCSmin	rNBKmin	NBKmin	POCSmax	rNBKmax	NBKmax	POCSmedian	rNBKmedian	NBKmedian	POCSquant25	rNBKquant25	NBKquant25	POCSquant75	rNBKquant75	NBKquant75
0.131634878	11.2621762683922	12.3151129496199	9.99517107534241	11.2621762683922	12.3151129496199	9.99517107534241	11.2621762683922	12.3151129496199	9.99517107534241	11.2621762683922	12.3151129496199	9.99517107534241	11.2621762683922	12.3151129496199	9.99517107534241
0.263269756	2.79573842590723	7.66882158626407	1.51429794571036	2.79573842590723	7.66882158626407	1.51429794571036	2.79573842590723	7.66882158626407	1.51429794571036	2.79573842590723	7.66882158626407	1.51429794571036	2.79573842590723	7.66882158626407	1.51429794571036
0.394904634	1.82054500235095	4.81979033203459	0.72366574021378	1.82054500235095	4.81979033203459	0.72366574021378	1.82054500235095	4.81979033203459	0.72366574021378	1.82054500235095	4.81979033203459	0.72366574021378	1.82054500235095	4.81979033203459	0.72366574021378
0.526539512	1.32728038335384	2.84045032688317	0.649770525801362	1.32728038335384	2.84045032688317	0.649770525801362	1.32728038335384	2.84045032688317	0.649770525801362	1.32728038335384	2.84045032688317	0.649770525801362	1.32728038335384	2.84045032688317	0.649770525801362
0.65817439	1.13254446634025	2.34985329189565	0.463727576724385	1.13254446634025	2.34985329189565	0.463727576724385	1.13254446634025	2.34985329189565	0.463727576724385	1.13254446634025	2.34985329189565	0.463727576724385	1.13254446634025	2.34985329189565	0.463727576724385
0.789809268	0.821633171894114	1.90842331978491	0.42792478534778	0.821633171894114	1.90842331978491	0.42792478534778	0.821633171894114	1.90842331978491	0.42792478534778	0.821633171894114	1.90842331978491	0.42792478534778	0.821633171894114	1.90842331978491	0.42792478534778
0.921444146	0.724767678271914	1.73098680142204	0.422248251386782	0.724767678271914	1.73098680142204	0.422248251386782	0.724767678271914	1.73098680142204	0.422248251386782	0.724767678271914	1.73098680142204	0.422248251386782	0.724767678271914	1.73098680142204	0.422248251386782
1.053079024	0.543897348220204	1.54487933022465	0.282818590571964	0.543897348220204	1.54487933022465	0.282818590571964	0.543897348220204	1.54487933022465	0.282818590571964	0.543897348220204	1.54487933022465	0.282818590571964	0.543897348220204	1.54487933022465	0.282818590571964
1.184713902	0.488398445367691	1.43637666895834	0.235416758010382	0.488398445367691	1.43637666895834	0.235416758010382	0.488398445367691	1.43637666895834	0.235416758010382	0.488398445367691	1.43637666895834	0.235416758010382	0.488398445367691	1.43637666895834	0.235416758010382
1.31634878	0.391466330589388	1.31184138925492	0.309926236613281	0.391466330589388	1.31184138925492	0.309926236613281	0.391466330589388	1.31184138925492	0.309926236613281	0.391466330589388	1.31184138925492	0.309926236613281	0.391466330589388	1.31184138925492	0.309926236613281
1.447983658	0.376135667872102	1.22739580581571	0.252297944210593	0.376135667872102	1.22739580581571	0.252297944210593	0.376135667872102	1.22739580581571	0.252297944210593	0.376135667872102	1.22739580581571	0.252297944210593	0.376135667872102	1.22739580581571	0.252297944210593
1.579618536	0.296073545711126	1.13577588670486	0.192480900279015	0.296073545711126	1.13577588670486	0.192480900279015	0.296073545711126	1.13577588670486	0.192480900279015	0.296073545711126	1.13577588670486	0.192480900279015	0.296073545711126	1.13577588670486	0.192480900279015
1.711253414	0.257429818433091	1.05477196519303	0.0788026761304254	0.257429818433091	1.05477196519303	0.0788026761304254	0.257429818433091	1.05477196519303	0.0788026761304254	0.257429818433091	1.05477196519303	0.0788026761304254	0.257429818433091	1.05477196519303	0.0788026761304254
1.842888292	0.239130004003071	0.995781992129491	0.0537393343734073	0.239130004003071	0.995781992129491	0.0537393343734073	0.239130004003071	0.995781992129491	0.0537393343734073	0.239130004003071	0.995781992129491	0.0537393343734073	0.239130004003071	0.995781992129491	0.0537393343734073
1.97452317	0.199456221491661	0.935039409755695	0.0294067352554153	0.199456221491661	0.935039409755695	0.0294067352554153	0.199456221491661	0.935039409755695	0.0294067352554153	0.199456221491661	0.935039409755695	0.0294067352554153	0.199456221491661	0.935039409755695	0.0294067352554153
2.106158048	0.187985320271591	0.897635715842417	0.0127114727224272	0.187985320271591	0.897635715842417	0.0127114727224272	0.187985320271591	0.897635715842417	0.0127114727224272	0.187985320271591	0.897635715842417	0.0127114727224272	0.187985320271591	0.897635715842417	0.0127114727224272
2.237792926	0.17417695779159	0.844584593491778	0.0104812087245817	0.17417695779159	0.844584593491778	0.0104812087245817	0.17417695779159	0.844584593491778	0.0104812087245817	0.17417695779159	0.844584593491778	0.0104812087245817	0.17417695779159	0.844584593491778	0.0104812087245817
2.369427804	0.159174635765685	0.807284648712734	0.00749865766643576	0.159174635765685	0.807284648712734	0.00749865766643576	0.159174635765685	0.807284648712734	0.00749865766643576	0.159174635765685	0.807284648712734	0.00749865766643576	0.159174635765685	0.807284648712734	0.00749865766643576
2.501062682	0.141286632839304	0.766028885712396	0.00580625254454354	0.141286632839304	0.766028885712396	0.00580625254454354	0.141286632839304	0.766028885712396	0.00580625254454354	0.141286632839304	0.766028885712396	0.00580625254454354	0.141286632839304	0.766028885712396	0.00580625254454354
2.63269756	0.139642441101737	0.740578298863806	0.00449939959523866	0.139642441101737	0.740578298863806	0.00449939959523866	0.139642441101737	0.740578298863806	0.00449939959523866	0.139642441101737	0.740578298863806	0.00449939959523866	0.139642441101737	0.740578298863806	0.00449939959523866
2.764332438	0.120771094540716	0.707447865553435	0.00382180680794813	0.120771094540716	0.707447865553435	0.00382180680794813	0.120771094540716	0.707447865553435	0.00382180680794813	0.120771094540716	0.707447865553435	0.00382180680794813	0.120771094540716	0.707447865553435	0.00382180680794813
2.895967316	0.122666108690817	0.685929270339758	0.0043646155416802	0.122666108690817	0.685929270339758	0.0043646155416802	0.122666108690817	0.685929270339758	0.0043646155416802	0.122666108690817	0.685929270339758	0.0043646155416802	0.122666108690817	0.685929270339758	0.0043646155416802
3.027602194	0.108427503917617	0.658016177492515	0.00334831533779854	0.108427503917617	0.658016177492515	0.00334831533779854	0.108427503917617	0.658016177492515	0.00334831533779854	0.108427503917617	0.658016177492515	0.00334831533779854	0.108427503917617	0.658016177492515	0.00334831533779854
3.159237072	0.0994688089602568	0.650684772910077	0.0021754218222986	0.0994688089602568	0.650684772910077	0.0021754218222986	0.0994688089602568	0.650684772910077	0.0021754218222986	0.0994688089602568	0.650684772910077	0.0021754218222986	0.0994688089602568	0.650684772910077	0.0021754218222986
3.29087195	0.0996981867298287	0.62739900918157	0.00306270530384198	0.0996981867298287	0.62739900918157	0.00306270530384198	0.0996981867298287	0.62739900918157	0.00306270530384198	0.0996981867298287	0.62739900918157	0.00306270530384198	0.0996981867298287	0.62739900918157	0.00306270530384198
3.422506828	0.0909254652919606	0.611214847279389	0.00188556546768855	0.0909254652919606	0.611214847279389	0.00188556546768855	0.0909254652919606	0.611214847279389	0.00188556546768855	0.0909254652919606	0.611214847279389	0.00188556546768855	0.0909254652919606	0.611214847279389	0.00188556546768855
3.554141706	0.0966503971790441	0.596593631012493	0.00179456552002325	0.0966503971790441	0.596593631012493	0.00179456552002325	0.0966503971790441	0.596593631012493	0.00179456552002325	0.0966503971790441	0.596593631012493	0.00179456552002325	0.0966503971790441	0.596593631012493	0.00179456552002325
3.685776584	0.086752611719155	0.582873765021228	0.0019722688203491	0.086752611719155	0.582873765021228	0.0019722688203491	0.086752611719155	0.582873765021228	0.0019722688203491	0.086752611719155	0.582873765021228	0.0019722688203491	0.086752611719155	0.582873765021228	0.0019722688203491
3.817411462	0.0766420550603834	0.573060926048859	0.001538109175152	0.0766420550603834	0.573060926048859	0.001538109175152	0.0766420550603834	0.573060926048859	0.001538109175152	0.0766420550603834	0.573060926048859	0.001538109175152	0.0766420550603834	0.573060926048859	0.001538109175152
3.94904634	0.0817296597020549	0.554638272388035	0.00134493558100641	0.0817296597020549	0.554638272388035	0.00134493558100641	0.0817296597020549	0.554638272388035	0.00134493558100641	0.0817296597020549	0.554638272388035	0.00134493558100641	0.0817296597020549	0.554638272388035	0.00134493558100641
4.080681218	0.0730996684448394	0.541811641440044	0.00116131094389402	0.0730996684448394	0.541811641440044	0.00116131094389402	0.0730996684448394	0.541811641440044	0.00116131094389402	0.0730996684448394	0.541811641440044	0.00116131094389402	0.0730996684448394	0.541811641440044	0.00116131094389402
4.212316096	0.0701553408731261	0.530278350659793	0.00147424128569947	0.0701553408731261	0.530278350659793	0.00147424128569947	0.0701553408731261	0.530278350659793	0.00147424128569947	0.0701553408731261	0.530278350659793	0.00147424128569947	0.0701553408731261	0.530278350659793	0.00147424128569947
4.343950974	0.0652854188023849	0.516391908810276	0.000852363695693565	0.0652854188023849	0.516391908810276	0.000852363695693565	0.0652854188023849	0.516391908810276	0.000852363695693565	0.0652854188023849	0.516391908810276	0.000852363695693565	0.0652854188023849	0.516391908810276	0.000852363695693565
4.475585852	0.0621236116975085	0.511657222181052	0.000711355737721637	0.0621236116975085	0.511657222181052	0.000711355737721637	0.0621236116975085	0.511657222181052	0.000711355737721637	0.0621236116975085	0.511657222181052	0.000711355737721637	0.0621236116975085	0.511657222181052	0.000711355737721637
4.60722073	0.0590496810540826	0.502253200409365	0.000757970674660102	0.0590496810540826	0.502253200409365	0.000757970674660102	0.0590496810540826	0.502253200409365	0.000757970674660102	0.0590496810540826	0.502253200409365	0.000757970674660102	0.0590496810540826	0.502253200409365	0.000757970674660102
4.738855608	0.0575286807889092	0.488861205950444	0.000512710416107749	0.0575286807889092	0.488861205950444	0.000512710416107749	0.0575286807889092	0.488861205950444	0.000512710416107749	0.0575286807889092	0.488861205950444	0.000512710416107749	0.0575286807889092	0.488861205950444	0.000512710416107749
4.870490486	0.057014768340343	0.481150321252593	0.000624861383874047	0.057014768340343	0.481150321252593	0.000624861383874047	0.057014768340343	0.481150321252593	0.000624861383874047	0.057014768340343	0.481150321252593	0.000624861383874047	0.057014768340343	0.481150321252593	0.000624861383874047
5.002125364	0.0529305726789715	0.473381021540608	0.00049696916928338	0.0529305726789715	0.473381021540608	0.00049696916928338	0.0529305726789715	0.473381021540608	0.00049696916928338	0.0529305726789715	0.473381021540608	0.00049696916928338	0.0529305726789715	0.473381021540608	0.00049696916928338
5.133760242	0.0547993383660791	0.459348356823206	0.000422657626754904	0.0547993383660791	0.459348356823206	0.000422657626754904	0.0547993383660791	0.459348356823206	0.000422657626754904	0.0547993383660791	0.459348356823206	0.000422657626754904	0.0547993383660791	0.459348356823206	0.000422657626754904
5.26539512	0.0494584715439121	0.453398745793152	0.000533722983187081	0.0494584715439121	0.453398745793152	0.000533722983187081	0.0494584715439121	0.453398745793152	0.000533722983187081	0.0494584715439121	0.453398745793152	0.000533722983187081	0.0494584715439121	0.453398745793152	0.000533722983187081
5.397029998	0.0490000411534461	0.441826019348115	0.000354720805218665	0.0490000411534461	0.441826019348115	0.000354720805218665	0.0490000411534461	0.441826019348115	0.000354720805218665	0.0490000411534461	0.441826019348115	0.000354720805218665	0.0490000411534461	0.441826019348115	0.000354720805218665
5.528664876	0.0476991848816538	0.441565429772536	0.00032832581687693	0.0476991848816538	0.441565429772536	0.00032832581687693	0.0476991848816538	0.441565429772536	0.00032832581687693	0.0476991848816538	0.441565429772536	0.00032832581687693	0.0476991848816538	0.441565429772536	0.00032832581687693
5.660299754	0.0461416977087386	0.430820148382674	0.000436762185619771	0.0461416977087386	0.430820148382674	0.000436762185619771	0.0461416977087386	0.430820148382674	0.000436762185619771	0.0461416977087386	0.430820148382674	0.000436762185619771	0.0461416977087386	0.430820148382674	0.000436762185619771
5.791934632	0.042968070524805	0.424559599827922	0.000278278575309613	0.042968070524805	0.424559599827922	0.000278278575309613	0.042968070524805	0.424559599827922	0.000278278575309613	0.042968070524805	0.424559599827922	0.000278278575309613	0.042968070524805	0.424559599827922	0.000278278575309613
5.92356951	0.0439094905680217	0.417867538240704	0.000216918295537785	0.0439094905680217	0.417867538240704	0.000216918295537785	0.0439094905680217	0.417867538240704	0.000216918295537785	0.0439094905680217	0.417867538240704	0.000216918295537785	0.0439094905680217	0.417867538240704	0.000216918295537785
6.055204388	0.0413862945656026	0.408583318332258	0.000229764806698331	0.0413862945656026	0.408583318332258	0.000229764806698331	0.0413862945656026	0.408583318332258	0.000229764806698331	0.0413862945656026	0.408583318332258	0.000229764806698331	0.0413862945656026	0.408583318332258	0.000229764806698331
6.186839266	0.0384170444929474	0.402473424763432	0.000214567060233502	0.0384170444929474	0.402473424763432	0.000214567060233502	0.0384170444929474	0.402473424763432	0.000214567060233502	0.0384170444929474	0.402473424763432	0.000214567060233502	0.0384170444929474	0.402473424763432	0.000214567060233502
6.318474144	0.0380671018352825	0.396505249585131	0.000243789877098234	0.0380671018352825	0.396505249585131	0.000243789877098234	0.0380671018352825	0.396505249585131	0.000243789877098234	0.0380671018352825	0.396505249585131	0.000243789877098234	0.0380671018352825	0.396505249585131	0.000243789877098234
6.450109022	0.035702877920088	0.389316918770341	0.000137889667154441	0.035702877920088	0.389316918770341	0.000137889667154441	0.035702877920088	0.389316918770341	0.000137889667154441	0.035702877920088	0.389316918770341	0.000137889667154441	0.035702877920088	0.389316918770341	0.000137889667154441
6.5817439	0.0352277920205295	0.379289984996225	0.000116431278746064	0.0352277920205295	0.379289984996225	0.000116431278746064	0.0352277920205295	0.379289984996225	0.000116431278746064	0.0352277920205295	0.379289984996225	0.000116431278746064	0.0352277920205295	0.379289984996225	0.000116431278746064
6.713378778	0.0335622111799236	0.370546772475363	0.000142470110970532	0.0335622111799236	0.370546772475363	0.000142470110970532	0.0335622111799236	0.370546772475363	0.000142470110970532	0.0335622111799236	0.370546772475363	0.000142470110970532	0.0335622111799236	0.370546772475363	0.000142470110970532
6.845013656	0.0331738543751658	0.36309374511185	0.000105305811151467	0.0331738543751658	0.36309374511185	0.000105305811151467	0.0331738543751658	0.36309374511185	0.000105305811151467	0.0331738543751658	0.36309374511185	0.000105305811151467	0.0331738543751658	0.36309374511185	0.000105305811151467
6.976648534	0.0314700369700364	0.357158508529982	0.000117032707373588	0.0314700369700364	0.357158508529982	0.000117032707373588	0.0314700369700364	0.357158508529982	0.000117032707373588	0.0314700369700364	0.357158508529982	0.000117032707373588	0.0314700369700364	0.357158508529982	0.000117032707373588
7.108283412	0.0300375583997964	0.349078611343496	0.000101892932445029	0.0300375583997964	0.349078611343496	0.000101892932445029	0.0300375583997964	0.349078611343496	0.000101892932445029	0.0300375583997964	0.349078611343496	0.000101892932445029	0.0300375583997964	0.349078611343496	0.000101892932445029
7.23991829	0.0298402451345318	0.343804501322583	8.81968561859216e-05	0.0298402451345318	0.343804501322583	8.81968561859216e-05	0.0298402451345318	0.343804501322583	8.81968561859216e-05	0.0298402451345318	0.343804501322583	8.81968561859216e-05	0.0298402451345318	0.343804501322583	8.81968561859216e-05
7.371553168	0.027897068340867	0.337079134063339	0.000122995698100147	0.027897068340867	0.337079134063339	0.000122995698100147	0.027897068340867	0.337079134063339	0.000122995698100147	0.027897068340867	0.337079134063339	0.000122995698100147	0.027897068340867	0.337079134063339	0.000122995698100147
7.503188046	0.0274543380617512	0.332631018144692	8.2363038068275e-05	0.0274543380617512	0.332631018144692	8.2363038068275e-05	0.0274543380617512	0.332631018144692	8.2363038068275e-05	0.0274543380617512	0.332631018144692	8.2363038068275e-05	0.0274543380617512	0.332631018144692	8.2363038068275e-05
7.634822924	0.0254935380731001	0.326408799879397	6.50655629142964e-05	0.0254935380731001	0.326408799879397	6.50655629142964e-05	0.0254935380731001	0.326408799879397	6.50655629142964e-05	0.0254935380731001	0.326408799879397	6.50655629142964e-05	0.0254935380731001	0.326408799879397	6.50655629142964e-05
7.766457802	0.0244470537701823	0.321974047510177	6.87717302718763e-05	0.0244470537701823	0.321974047510177	6.87717302718763e-05	0.0244470537701823	0.321974047510177	6.87717302718763e-05	0.0244470537701823	0.321974047510177	6.87717302718763e-05	0.0244470537701823	0.321974047510177	6.87717302718763e-05
7.89809268	0.0251911709047016	0.317927455320354	4.68349092523834e-05	0.0251911709047016	0.317927455320354	4.68349092523834e-05	0.0251911709047016	0.317927455320354	4.68349092523834e-05	0.0251911709047016	0.317927455320354	4.68349092523834e-05	0.0251911709047016	0.317927455320354	4.68349092523834e-05
8.029727558	0.0233875692066362	0.314837641123417	4.52422952181992e-05	0.0233875692066362	0.314837641123417	4.52422952181992e-05	0.0233875692066362	0.314837641123417	4.52422952181992e-05	0.0233875692066362	0.314837641123417	4.52422952181992e-05	0.0233875692066362	0.314837641123417	4.52422952181992e-05
8.161362436	0.0233674552026622	0.313221769959285	6.81644758896761e-05	0.0233674552026622	0.313221769959285	6.81644758896761e-05	0.0233674552026622	0.313221769959285	6.81644758896761e-05	0.0233674552026622	0.313221769959285	6.81644758896761e-05	0.0233674552026622	0.313221769959285	6.81644758896761e-05
8.292997314	0.0228405307303972	0.31245789524871	4.21653691897897e-05	0.0228405307303972	0.31245789524871	4.21653691897897e-05	0.0228405307303972	0.31245789524871	4.21653691897897e-05	0.0228405307303972	0.31245789524871	4.21653691897897e-05	0.0228405307303972	0.31245789524871	4.21653691897897e-05
8.424632192	0.0224419094042586	0.305569903235302	4.0273948181459e-05	0.0224419094042586	0.305569903235302	4.0273948181459e-05	0.0224419094042586	0.305569903235302	4.0273948181459e-05	0.0224419094042586	0.305569903235302	4.0273948181459e-05	0.0224419094042586	0.305569903235302	4.0273948181459e-05
8.55626707	0.0206520603598818	0.30305471700656	3.98070819506089e-05	0.0206520603598818	0.30305471700656	3.98070819506089e-05	0.0206520603598818	0.30305471700656	3.98070819506089e-05	0.0206520603598818	0.30305471700656	3.98070819506089e-05	0.0206520603598818	0.30305471700656	3.98070819506089e-05
8.687901948	0.0203745486777256	0.301800311921303	3.31509712221162e-05	0.0203745486777256	0.301800311921303	3.31509712221162e-05	0.0203745486777256	0.301800311921303	3.31509712221162e-05	0.0203745486777256	0.301800311921303	3.31509712221162e-05	0.0203745486777256	0.301800311921303	3.31509712221162e-05
8.819536826	0.0192158237624827	0.29863817106453	2.331171267638e-05	0.0192158237624827	0.29863817106453	2.331171267638e-05	0.0192158237624827	0.29863817106453	2.331171267638e-05	0.0192158237624827	0.29863817106453	2.331171267638e-05	0.0192158237624827	0.29863817106453	2.331171267638e-05
8.951171704	0.0188390317782934	0.298159566256591	3.20317253353296e-05	0.0188390317782934	0.298159566256591	3.20317253353296e-05	0.0188390317782934	0.298159566256591	3.20317253353296e-05	0.0188390317782934	0.298159566256591	3.20317253353296e-05	0.0188390317782934	0.298159566256591	3.20317253353296e-05
9.082806582	0.0182627370335473	0.295503664260091	2.63980151684254e-05	0.0182627370335473	0.295503664260091	2.63980151684254e-05	0.0182627370335473	0.295503664260091	2.63980151684254e-05	0.0182627370335473	0.295503664260091	2.63980151684254e-05	0.0182627370335473	0.295503664260091	2.63980151684254e-05
9.21444146	0.0180050576470055	0.294034418635158	2.1068374019781e-05	0.0180050576470055	0.294034418635158	2.1068374019781e-05	0.0180050576470055	0.294034418635158	2.1068374019781e-05	0.0180050576470055	0.294034418635158	2.1068374019781e-05	0.0180050576470055	0.294034418635158	2.1068374019781e-05
9.346076338	0.0163090269413674	0.289957751761977	2.51863349341875e-05	0.0163090269413674	0.289957751761977	2.51863349341875e-05	0.0163090269413674	0.289957751761977	2.51863349341875e-05	0.0163090269413674	0.289957751761977	2.51863349341875e-05	0.0163090269413674	0.289957751761977	2.51863349341875e-05
9.477711216	0.0178634661378721	0.288994848600388	1.96186840829554e-05	0.0178634661378721	0.288994848600388	1.96186840829554e-05	0.0178634661378721	0.288994848600388	1.96186840829554e-05	0.0178634661378721	0.288994848600388	1.96186840829554e-05	0.0178634661378721	0.288994848600388	1.96186840829554e-05
9.609346094	0.0155996031685438	0.286845436785835	2.07007832510564e-05	0.0155996031685438	0.286845436785835	2.07007832510564e-05	0.0155996031685438	0.286845436785835	2.07007832510564e-05	0.0155996031685438	0.286845436785835	2.07007832510564e-05	0.0155996031685438	0.286845436785835	2.07007832510564e-05
9.740980972	0.0155165519173098	0.283622923449107	1.28813012589194e-05	0.0155165519173098	0.283622923449107	1.28813012589194e-05	0.0155165519173098	0.283622923449107	1.28813012589194e-05	0.0155165519173098	0.283622923449107	1.28813012589194e-05	0.0155165519173098	0.283622923449107	1.28813012589194e-05
9.87261585	0.0146183493263687	0.283500771854924	1.21618113899087e-05	0.0146183493263687	0.283500771854924	1.21618113899087e-05	0.0146183493263687	0.283500771854924	1.21618113899087e-05	0.0146183493263687	0.283500771854924	1.21618113899087e-05	0.0146183493263687	0.283500771854924	1.21618113899087e-05
10.004250728	0.0140081865439289	0.279897658580801	1.49358251219944e-05	0.0140081865439289	0.279897658580801	1.49358251219944e-05	0.0140081865439289	0.279897658580801	1.49358251219944e-05	0.0140081865439289	0.279897658580801	1.49358251219944e-05	0.0140081865439289	0.279897658580801	1.49358251219944e-05
10.135885606	0.0135270721885345	0.277250633018496	9.97335385548731e-06	0.0135270721885345	0.277250633018496	9.97335385548731e-06	0.0135270721885345	0.277250633018496	9.97335385548731e-06	0.0135270721885345	0.277250633018496	9.97335385548731e-06	0.0135270721885345	0.277250633018496	9.97335385548731e-06
10.267520484	0.0131617720916885	0.275300917857554	9.69615526718115e-06	0.0131617720916885	0.275300917857554	9.69615526718115e-06	0.0131617720916885	0.275300917857554	9.69615526718115e-06	0.0131617720916885	0.275300917857554	9.69615526718115e-06	0.0131617720916885	0.275300917857554	9.69615526718115e-06
10.399155362	0.0125985309771607	0.272223596164139	1.22905213683733e-05	0.0125985309771607	0.272223596164139	1.22905213683733e-05	0.0125985309771607	0.272223596164139	1.22905213683733e-05	0.0125985309771607	0.272223596164139	1.22905213683733e-05	0.0125985309771607	0.272223596164139	1.22905213683733e-05
10.53079024	0.0122456075837333	0.271424894554484	1.05321664568531e-05	0.0122456075837333	0.271424894554484	1.05321664568531e-05	0.0122456075837333	0.271424894554484	1.05321664568531e-05	0.0122456075837333	0.271424894554484	1.05321664568531e-05	0.0122456075837333	0.271424894554484	1.05321664568531e-05
10.662425118	0.0125863659944966	0.269769481845053	9.2676653294951e-06	0.0125863659944966	0.269769481845053	9.2676653294951e-06	0.0125863659944966	0.269769481845053	9.2676653294951e-06	0.0125863659944966	0.269769481845053	9.2676653294951e-06	0.0125863659944966	0.269769481845053	9.2676653294951e-06
10.794059996	0.011546287962601	0.266172037786787	8.15743355119929e-06	0.011546287962601	0.266172037786787	8.15743355119929e-06	0.011546287962601	0.266172037786787	8.15743355119929e-06	0.011546287962601	0.266172037786787	8.15743355119929e-06	0.011546287962601	0.266172037786787	8.15743355119929e-06
10.925694874	0.0122759920536733	0.263557932662322	6.1828959227135e-06	0.0122759920536733	0.263557932662322	6.1828959227135e-06	0.0122759920536733	0.263557932662322	6.1828959227135e-06	0.0122759920536733	0.263557932662322	6.1828959227135e-06	0.0122759920536733	0.263557932662322	6.1828959227135e-06
11.057329752	0.0114353986881204	0.261214521611821	7.25964204105635e-06	0.0114353986881204	0.261214521611821	7.25964204105635e-06	0.0114353986881204	0.261214521611821	7.25964204105635e-06	0.0114353986881204	0.261214521611821	7.25964204105635e-06	0.0114353986881204	0.261214521611821	7.25964204105635e-06
11.18896463	0.0102856005801451	0.260380092928273	6.00722837297918e-06	0.0102856005801451	0.260380092928273	6.00722837297918e-06	0.0102856005801451	0.260380092928273	6.00722837297918e-06	0.0102856005801451	0.260380092928273	6.00722837297918e-06	0.0102856005801451	0.260380092928273	6.00722837297918e-06
11.320599508	0.00952319497593917	0.255516178800098	6.4044933709135e-06	0.00952319497593917	0.255516178800098	6.4044933709135e-06	0.00952319497593917	0.255516178800098	6.4044933709135e-06	0.00952319497593917	0.255516178800098	6.4044933709135e-06	0.00952319497593917	0.255516178800098	6.4044933709135e-06
11.452234386	0.00951487541818858	0.254736550863838	4.73738789675332e-06	0.00951487541818858	0.254736550863838	4.73738789675332e-06	0.00951487541818858	0.254736550863838	4.73738789675332e-06	0.00951487541818858	0.254736550863838	4.73738789675332e-06	0.00951487541818858	0.254736550863838	4.73738789675332e-06
11.583869264	0.00902648443322888	0.253399780736633	5.20177164844073e-06	0.00902648443322888	0.253399780736633	5.20177164844073e-06	0.00902648443322888	0.253399780736633	5.20177164844073e-06	0.00902648443322888	0.253399780736633	5.20177164844073e-06	0.00902648443322888	0.253399780736633	5.20177164844073e-06
11.715504142	0.00930585807061872	0.253092063720742	4.14948022814543e-06	0.00930585807061872	0.253092063720742	4.14948022814543e-06	0.00930585807061872	0.253092063720742	4.14948022814543e-06	0.00930585807061872	0.253092063720742	4.14948022814543e-06	0.00930585807061872	0.253092063720742	4.14948022814543e-06
11.84713902	0.00841588094740867	0.253653556037325	3.6523783844671e-06	0.00841588094740867	0.253653556037325	3.6523783844671e-06	0.00841588094740867	0.253653556037325	3.6523783844671e-06	0.00841588094740867	0.253653556037325	3.6523783844671e-06	0.00841588094740867	0.253653556037325	3.6523783844671e-06
11.978773898	0.00831308646818519	0.250320252695451	3.73953343823054e-06	0.00831308646818519	0.250320252695451	3.73953343823054e-06	0.00831308646818519	0.250320252695451	3.73953343823054e-06	0.00831308646818519	0.250320252695451	3.73953343823054e-06	0.00831308646818519	0.250320252695451	3.73953343823054e-06
12.110408776	0.00787911554727943	0.250664779733575	4.34670354398999e-06	0.00787911554727943	0.250664779733575	4.34670354398999e-06	0.00787911554727943	0.250664779733575	4.34670354398999e-06	0.00787911554727943	0.250664779733575	4.34670354398999e-06	0.00787911554727943	0.250664779733575	4.34670354398999e-06
12.242043654	0.0076236038370338	0.247813300120732	2.8236236911469e-06	0.0076236038370338	0.247813300120732	2.8236236911469e-06	0.0076236038370338	0.247813300120732	2.8236236911469e-06	0.0076236038370338	0.247813300120732	2.8236236911469e-06	0.0076236038370338	0.247813300120732	2.8236236911469e-06
12.373678532	0.0074324563006578	0.245016487104737	2.62898784696824e-06	0.0074324563006578	0.245016487104737	2.62898784696824e-06	0.0074324563006578	0.245016487104737	2.62898784696824e-06	0.0074324563006578	0.245016487104737	2.62898784696824e-06	0.0074324563006578	0.245016487104737	2.62898784696824e-06
12.50531341	0.00719312482552979	0.245040515457677	2.11443901460722e-06	0.00719312482552979	0.245040515457677	2.11443901460722e-06	0.00719312482552979	0.245040515457677	2.11443901460722e-06	0.00719312482552979	0.245040515457677	2.11443901460722e-06	0.00719312482552979	0.245040515457677	2.11443901460722e-06
12.636948288	0.0070788451569438	0.243017762421491	1.94221007321862e-06	0.0070788451569438	0.243017762421491	1.94221007321862e-06	0.0070788451569438	0.243017762421491	1.94221007321862e-06	0.0070788451569438	0.243017762421491	1.94221007321862e-06	0.0070788451569438	0.243017762421491	1.94221007321862e-06
12.768583166	0.0070382302934752	0.24144252770064	1.89148180319033e-06	0.0070382302934752	0.24144252770064	1.89148180319033e-06	0.0070382302934752	0.24144252770064	1.89148180319033e-06	0.0070382302934752	0.24144252770064	1.89148180319033e-06	0.0070382302934752	0.24144252770064	1.89148180319033e-06
12.900218044	0.00680328598647233	0.240879639694743	1.99236942318903e-06	0.00680328598647233	0.240879639694743	1.99236942318903e-06	0.00680328598647233	0.240879639694743	1.99236942318903e-06	0.00680328598647233	0.240879639694743	1.99236942318903e-06	0.00680328598647233	0.240879639694743	1.99236942318903e-06
13.031852922	0.00623217448118503	0.238742637840755	1.49732598264953e-06	0.00623217448118503	0.238742637840755	1.49732598264953e-06	0.00623217448118503	0.238742637840755	1.49732598264953e-06	0.00623217448118503	0.238742637840755	1.49732598264953e-06	0.00623217448118503	0.238742637840755	1.49732598264953e-06
13.1634878	0.00625049201545052	0.238504990444793	1.46827720614114e-06	0.00625049201545052	0.238504990444793	1.46827720614114e-06	0.00625049201545052	0.238504990444793	1.46827720614114e-06	0.00625049201545052	0.238504990444793	1.46827720614114e-06	0.00625049201545052	0.238504990444793	1.46827720614114e-06
13.295122678	0.00597814952290744	0.23607851396896	2.45454554418577e-06	0.00597814952290744	0.23607851396896	2.45454554418577e-06	0.00597814952290744	0.23607851396896	2.45454554418577e-06	0.00597814952290744	0.23607851396896	2.45454554418577e-06	0.00597814952290744	0.23607851396896	2.45454554418577e-06
13.426757556	0.00601945972676155	0.232870250575737	1.16251984285926e-06	0.00601945972676155	0.232870250575737	1.16251984285926e-06	0.00601945972676155	0.232870250575737	1.16251984285926e-06	0.00601945972676155	0.232870250575737	1.16251984285926e-06	0.00601945972676155	0.232870250575737	1.16251984285926e-06
13.558392434	0.005635549120413	0.233052229205623	9.55793842395942e-07	0.005635549120413	0.233052229205623	9.55793842395942e-07	0.005635549120413	0.233052229205623	9.55793842395942e-07	0.005635549120413	0.233052229205623	9.55793842395942e-07	0.005635549120413	0.233052229205623	9.55793842395942e-07
13.690027312	0.00550934101212918	0.232439930340866	7.6159163248913e-07	0.00550934101212918	0.232439930340866	7.6159163248913e-07	0.00550934101212918	0.232439930340866	7.6159163248913e-07	0.00550934101212918	0.232439930340866	7.6159163248913e-07	0.00550934101212918	0.232439930340866	7.6159163248913e-07
13.82166219	0.0052104776707793	0.228114336582214	6.73916885119051e-07	0.0052104776707793	0.228114336582214	6.73916885119051e-07	0.0052104776707793	0.228114336582214	6.73916885119051e-07	0.0052104776707793	0.228114336582214	6.73916885119051e-07	0.0052104776707793	0.228114336582214	6.73916885119051e-07
13.953297068	0.00522252861743356	0.225839280407651	6.07804968724905e-07	0.00522252861743356	0.225839280407651	6.07804968724905e-07	0.00522252861743356	0.225839280407651	6.07804968724905e-07	0.00522252861743356	0.225839280407651	6.07804968724905e-07	0.00522252861743356	0.225839280407651	6.07804968724905e-07
14.084931946	0.00487270217880181	0.223523931746169	7.86820840927274e-07	0.00487270217880181	0.223523931746169	7.86820840927274e-07	0.00487270217880181	0.223523931746169	7.86820840927274e-07	0.00487270217880181	0.223523931746169	7.86820840927274e-07	0.00487270217880181	0.223523931746169	7.86820840927274e-07
14.216566824	0.00467051668688528	0.219988934853896	7.84848611133852e-07	0.00467051668688528	0.219988934853896	7.84848611133852e-07	0.00467051668688528	0.219988934853896	7.84848611133852e-07	0.00467051668688528	0.219988934853896	7.84848611133852e-07	0.00467051668688528	0.219988934853896	7.84848611133852e-07
14.348201702	0.00454818034696338	0.218824624896425	5.12326065733472e-07	0.00454818034696338	0.218824624896425	5.12326065733472e-07	0.00454818034696338	0.218824624896425	5.12326065733472e-07	0.00454818034696338	0.218824624896425	5.12326065733472e-07	0.00454818034696338	0.218824624896425	5.12326065733472e-07
14.47983658	0.0041909542021578	0.217698166813423	7.69296551008552e-07	0.0041909542021578	0.217698166813423	7.69296551008552e-07	0.0041909542021578	0.217698166813423	7.69296551008552e-07	0.0041909542021578	0.217698166813423	7.69296551008552e-07	0.0041909542021578	0.217698166813423	7.69296551008552e-07
14.611471458	0.00409034319709943	0.214077079324238	5.62637611021237e-07	0.00409034319709943	0.214077079324238	5.62637611021237e-07	0.00409034319709943	0.214077079324238	5.62637611021237e-07	0.00409034319709943	0.214077079324238	5.62637611021237e-07	0.00409034319709943	0.214077079324238	5.62637611021237e-07
14.743106336	0.00425799251649418	0.210373228702514	3.72022012793324e-07	0.00425799251649418	0.210373228702514	3.72022012793324e-07	0.00425799251649418	0.210373228702514	3.72022012793324e-07	0.00425799251649418	0.210373228702514	3.72022012793324e-07	0.00425799251649418	0.210373228702514	3.72022012793324e-07
14.874741214	0.00390452114338728	0.207893622810446	3.89422416311333e-07	0.00390452114338728	0.207893622810446	3.89422416311333e-07	0.00390452114338728	0.207893622810446	3.89422416311333e-07	0.00390452114338728	0.207893622810446	3.89422416311333e-07	0.00390452114338728	0.207893622810446	3.89422416311333e-07
15.006376092	0.003618539744581	0.206744547196336	3.23336231920028e-07	0.003618539744581	0.206744547196336	3.23336231920028e-07	0.003618539744581	0.206744547196336	3.23336231920028e-07	0.003618539744581	0.206744547196336	3.23336231920028e-07	0.003618539744581	0.206744547196336	3.23336231920028e-07
15.13801097	0.00371640493563822	0.202343020271493	3.21305025048377e-07	0.00371640493563822	0.202343020271493	3.21305025048377e-07	0.00371640493563822	0.202343020271493	3.21305025048377e-07	0.00371640493563822	0.202343020271493	3.21305025048377e-07	0.00371640493563822	0.202343020271493	3.21305025048377e-07
15.269645848	0.00343342678793183	0.201642676596455	3.03543848947006e-07	0.00343342678793183	0.201642676596455	3.03543848947006e-07	0.00343342678793183	0.201642676596455	3.03543848947006e-07	0.00343342678793183	0.201642676596455	3.03543848947006e-07	0.00343342678793183	0.201642676596455	3.03543848947006e-07
15.401280726	0.0032275641021772	0.199435613785722	2.88517638285241e-07	0.0032275641021772	0.199435613785722	2.88517638285241e-07	0.0032275641021772	0.199435613785722	2.88517638285241e-07	0.0032275641021772	0.199435613785722	2.88517638285241e-07	0.0032275641021772	0.199435613785722	2.88517638285241e-07
15.532915604	0.00320208930550981	0.196973820150798	2.55866661018186e-07	0.00320208930550981	0.196973820150798	2.55866661018186e-07	0.00320208930550981	0.196973820150798	2.55866661018186e-07	0.00320208930550981	0.196973820150798	2.55866661018186e-07	0.00320208930550981	0.196973820150798	2.55866661018186e-07
15.664550482	0.00318114925734982	0.195067987723626	2.17274022757089e-07	0.00318114925734982	0.195067987723626	2.17274022757089e-07	0.00318114925734982	0.195067987723626	2.17274022757089e-07	0.00318114925734982	0.195067987723626	2.17274022757089e-07	0.00318114925734982	0.195067987723626	2.17274022757089e-07
15.79618536	0.00304521634147956	0.191830691968502	1.81362125348267e-07	0.00304521634147956	0.191830691968502	1.81362125348267e-07	0.00304521634147956	0.191830691968502	1.81362125348267e-07	0.00304521634147956	0.191830691968502	1.81362125348267e-07	0.00304521634147956	0.191830691968502	1.81362125348267e-07
15.927820238	0.0029842419802345	0.190106819794038	1.70988541214998e-07	0.0029842419802345	0.190106819794038	1.70988541214998e-07	0.0029842419802345	0.190106819794038	1.70988541214998e-07	0.0029842419802345	0.190106819794038	1.70988541214998e-07	0.0029842419802345	0.190106819794038	1.70988541214998e-07
16.059455116	0.00283851700430173	0.188447754310947	1.69642214054661e-07	0.00283851700430173	0.188447754310947	1.69642214054661e-07	0.00283851700430173	0.188447754310947	1.69642214054661e-07	0.00283851700430173	0.188447754310947	1.69642214054661e-07	0.00283851700430173	0.188447754310947	1.69642214054661e-07
16.191089994	0.00266967889051271	0.185902696036999	1.62542720432968e-07	0.00266967889051271	0.185902696036999	1.62542720432968e-07	0.00266967889051271	0.185902696036999	1.62542720432968e-07	0.00266967889051271	0.185902696036999	1.62542720432968e-07	0.00266967889051271	0.185902696036999	1.62542720432968e-07
16.322724872	0.00269018606588255	0.185111771141146	2.31046613350381e-07	0.00269018606588255	0.185111771141146	2.31046613350381e-07	0.00269018606588255	0.185111771141146	2.31046613350381e-07	0.00269018606588255	0.185111771141146	2.31046613350381e-07	0.00269018606588255	0.185111771141146	2.31046613350381e-07
16.45435975	0.00259083722624291	0.181657399581608	1.32776907107874e-07	0.00259083722624291	0.181657399581608	1.32776907107874e-07	0.00259083722624291	0.181657399581608	1.32776907107874e-07	0.00259083722624291	0.181657399581608	1.32776907107874e-07	0.00259083722624291	0.181657399581608	1.32776907107874e-07
16.585994628	0.00265835473053073	0.180789651064558	1.40887612675824e-07	0.00265835473053073	0.180789651064558	1.40887612675824e-07	0.00265835473053073	0.180789651064558	1.40887612675824e-07	0.00265835473053073	0.180789651064558	1.40887612675824e-07	0.00265835473053073	0.180789651064558	1.40887612675824e-07
16.717629506	0.002449443593	0.180909186519484	1.11551818704451e-07	0.002449443593	0.180909186519484	1.11551818704451e-07	0.002449443593	0.180909186519484	1.11551818704451e-07	0.002449443593	0.180909186519484	1.11551818704451e-07	0.002449443593	0.180909186519484	1.11551818704451e-07
16.849264384	0.00232274586253369	0.179865179144727	8.98273292678215e-08	0.00232274586253369	0.179865179144727	8.98273292678215e-08	0.00232274586253369	0.179865179144727	8.98273292678215e-08	0.00232274586253369	0.179865179144727	8.98273292678215e-08	0.00232274586253369	0.179865179144727	8.98273292678215e-08
16.980899262	0.0021621227970887	0.177054792547178	8.76847760521866e-08	0.0021621227970887	0.177054792547178	8.76847760521866e-08	0.0021621227970887	0.177054792547178	8.76847760521866e-08	0.0021621227970887	0.177054792547178	8.76847760521866e-08	0.0021621227970887	0.177054792547178	8.76847760521866e-08
17.11253414	0.00213752924516476	0.176573369743861	7.78678577168533e-08	0.00213752924516476	0.176573369743861	7.78678577168533e-08	0.00213752924516476	0.176573369743861	7.78678577168533e-08	0.00213752924516476	0.176573369743861	7.78678577168533e-08	0.00213752924516476	0.176573369743861	7.78678577168533e-08
17.244169018	0.00199940964312381	0.176634550127538	6.27697541938821e-08	0.00199940964312381	0.176634550127538	6.27697541938821e-08	0.00199940964312381	0.176634550127538	6.27697541938821e-08	0.00199940964312381	0.176634550127538	6.27697541938821e-08	0.00199940964312381	0.176634550127538	6.27697541938821e-08
17.375803896	0.00211659043610745	0.175835914975112	5.31750983888244e-08	0.00211659043610745	0.175835914975112	5.31750983888244e-08	0.00211659043610745	0.175835914975112	5.31750983888244e-08	0.00211659043610745	0.175835914975112	5.31750983888244e-08	0.00211659043610745	0.175835914975112	5.31750983888244e-08
17.507438774	0.00194113355605771	0.173977730047566	6.1317449606881e-08	0.00194113355605771	0.173977730047566	6.1317449606881e-08	0.00194113355605771	0.173977730047566	6.1317449606881e-08	0.00194113355605771	0.173977730047566	6.1317449606881e-08	0.00194113355605771	0.173977730047566	6.1317449606881e-08
17.639073652	0.00183636833692103	0.172402111074509	6.42061986937156e-08	0.00183636833692103	0.172402111074509	6.42061986937156e-08	0.00183636833692103	0.172402111074509	6.42061986937156e-08	0.00183636833692103	0.172402111074509	6.42061986937156e-08	0.00183636833692103	0.172402111074509	6.42061986937156e-08
17.77070853	0.00175060921285005	0.174297901926365	5.33574503139097e-08	0.00175060921285005	0.174297901926365	5.33574503139097e-08	0.00175060921285005	0.174297901926365	5.33574503139097e-08	0.00175060921285005	0.174297901926365	5.33574503139097e-08	0.00175060921285005	0.174297901926365	5.33574503139097e-08
17.902343408	0.00174407609860273	0.17398715612084	5.13985793816519e-08	0.00174407609860273	0.17398715612084	5.13985793816519e-08	0.00174407609860273	0.17398715612084	5.13985793816519e-08	0.00174407609860273	0.17398715612084	5.13985793816519e-08	0.00174407609860273	0.17398715612084	5.13985793816519e-08
18.033978286	0.00159241535725898	0.1712251643882	4.54944805237846e-08	0.00159241535725898	0.1712251643882	4.54944805237846e-08	0.00159241535725898	0.1712251643882	4.54944805237846e-08	0.00159241535725898	0.1712251643882	4.54944805237846e-08	0.00159241535725898	0.1712251643882	4.54944805237846e-08
18.165613164	0.0015827065034465	0.171699751619674	4.38400296320365e-08	0.0015827065034465	0.171699751619674	4.38400296320365e-08	0.0015827065034465	0.171699751619674	4.38400296320365e-08	0.0015827065034465	0.171699751619674	4.38400296320365e-08	0.0015827065034465	0.171699751619674	4.38400296320365e-08
18.297248042	0.00159202571878588	0.171035002833483	3.65042956775248e-08	0.00159202571878588	0.171035002833483	3.65042956775248e-08	0.00159202571878588	0.171035002833483	3.65042956775248e-08	0.00159202571878588	0.171035002833483	3.65042956775248e-08	0.00159202571878588	0.171035002833483	3.65042956775248e-08
18.42888292	0.00147349992302437	0.171342710499541	4.22760040474574e-08	0.00147349992302437	0.171342710499541	4.22760040474574e-08	0.00147349992302437	0.171342710499541	4.22760040474574e-08	0.00147349992302437	0.171342710499541	4.22760040474574e-08	0.00147349992302437	0.171342710499541	4.22760040474574e-08
18.560517798	0.00140635990756016	0.170501211448703	2.92380459670423e-08	0.00140635990756016	0.170501211448703	2.92380459670423e-08	0.00140635990756016	0.170501211448703	2.92380459670423e-08	0.00140635990756016	0.170501211448703	2.92380459670423e-08	0.00140635990756016	0.170501211448703	2.92380459670423e-08
18.692152676	0.00141478187475928	0.170595637667064	3.04744100641995e-08	0.00141478187475928	0.170595637667064	3.04744100641995e-08	0.00141478187475928	0.170595637667064	3.04744100641995e-08	0.00141478187475928	0.170595637667064	3.04744100641995e-08	0.00141478187475928	0.170595637667064	3.04744100641995e-08
18.823787554	0.00137099660221339	0.17036331300541	2.57408149595082e-08	0.00137099660221339	0.17036331300541	2.57408149595082e-08	0.00137099660221339	0.17036331300541	2.57408149595082e-08	0.00137099660221339	0.17036331300541	2.57408149595082e-08	0.00137099660221339	0.17036331300541	2.57408149595082e-08
18.955422432	0.00126458749260255	0.168854194807555	2.56313522699413e-08	0.00126458749260255	0.168854194807555	2.56313522699413e-08	0.00126458749260255	0.168854194807555	2.56313522699413e-08	0.00126458749260255	0.168854194807555	2.56313522699413e-08	0.00126458749260255	0.168854194807555	2.56313522699413e-08
19.08705731	0.00126454530237587	0.170975778133562	2.13929436045663e-08	0.00126454530237587	0.170975778133562	2.13929436045663e-08	0.00126454530237587	0.170975778133562	2.13929436045663e-08	0.00126454530237587	0.170975778133562	2.13929436045663e-08	0.00126454530237587	0.170975778133562	2.13929436045663e-08
19.218692188	0.00118436501449064	0.16972507238642	2.33713794387311e-08	0.00118436501449064	0.16972507238642	2.33713794387311e-08	0.00118436501449064	0.16972507238642	2.33713794387311e-08	0.00118436501449064	0.16972507238642	2.33713794387311e-08	0.00118436501449064	0.16972507238642	2.33713794387311e-08
19.350327066	0.00117662089882516	0.168859128140614	2.57868750114677e-08	0.00117662089882516	0.168859128140614	2.57868750114677e-08	0.00117662089882516	0.168859128140614	2.57868750114677e-08	0.00117662089882516	0.168859128140614	2.57868750114677e-08	0.00117662089882516	0.168859128140614	2.57868750114677e-08
19.481961944	0.00112216140982999	0.167913953599007	2.18970208498992e-08	0.00112216140982999	0.167913953599007	2.18970208498992e-08	0.00112216140982999	0.167913953599007	2.18970208498992e-08	0.00112216140982999	0.167913953599007	2.18970208498992e-08	0.00112216140982999	0.167913953599007	2.18970208498992e-08
19.613596822	0.00110648948117486	0.167540744562105	2.2626930124619e-08	0.00110648948117486	0.167540744562105	2.2626930124619e-08	0.00110648948117486	0.167540744562105	2.2626930124619e-08	0.00110648948117486	0.167540744562105	2.2626930124619e-08	0.00110648948117486	0.167540744562105	2.2626930124619e-08
19.7452317	0.0010633583122537	0.167611697963983	2.02898078726589e-08	0.0010633583122537	0.167611697963983	2.02898078726589e-08	0.0010633583122537	0.167611697963983	2.02898078726589e-08	0.0010633583122537	0.167611697963983	2.02898078726589e-08	0.0010633583122537	0.167611697963983	2.02898078726589e-08
19.876866578	0.00100414875931664	0.167835429749916	2.87645850907713e-08	0.00100414875931664	0.167835429749916	2.87645850907713e-08	0.00100414875931664	0.167835429749916	2.87645850907713e-08	0.00100414875931664	0.167835429749916	2.87645850907713e-08	0.00100414875931664	0.167835429749916	2.87645850907713e-08
20.008501456	0.000987610989727053	0.166178449076905	1.5700110722998e-08	0.000987610989727053	0.166178449076905	1.5700110722998e-08	0.000987610989727053	0.166178449076905	1.5700110722998e-08	0.000987610989727053	0.166178449076905	1.5700110722998e-08	0.000987610989727053	0.166178449076905	1.5700110722998e-08
20.140136334	0.000951405327010708	0.168724733980322	2.38924876313529e-08	0.000951405327010708	0.168724733980322	2.38924876313529e-08	0.000951405327010708	0.168724733980322	2.38924876313529e-08	0.000951405327010708	0.168724733980322	2.38924876313529e-08	0.000951405327010708	0.168724733980322	2.38924876313529e-08
20.271771212	0.000935822503798551	0.16617386991297	1.47658699340624e-08	0.000935822503798551	0.16617386991297	1.47658699340624e-08	0.000935822503798551	0.16617386991297	1.47658699340624e-08	0.000935822503798551	0.16617386991297	1.47658699340624e-08	0.000935822503798551	0.16617386991297	1.47658699340624e-08
20.40340609	0.000862129299236281	0.16601056177418	1.50434015463682e-08	0.000862129299236281	0.16601056177418	1.50434015463682e-08	0.000862129299236281	0.16601056177418	1.50434015463682e-08	0.000862129299236281	0.16601056177418	1.50434015463682e-08	0.000862129299236281	0.16601056177418	1.50434015463682e-08
20.535040968	0.00090029001311208	0.167243627073097	1.16693529892826e-08	0.00090029001311208	0.167243627073097	1.16693529892826e-08	0.00090029001311208	0.167243627073097	1.16693529892826e-08	0.00090029001311208	0.167243627073097	1.16693529892826e-08	0.00090029001311208	0.167243627073097	1.16693529892826e-08
20.666675846	0.000786236514086386	0.166245035725822	1.20171795567861e-08	0.000786236514086386	0.166245035725822	1.20171795567861e-08	0.000786236514086386	0.166245035725822	1.20171795567861e-08	0.000786236514086386	0.166245035725822	1.20171795567861e-08	0.000786236514086386	0.166245035725822	1.20171795567861e-08
20.798310724	0.000769863752050157	0.166142020094746	1.45683621353109e-08	0.000769863752050157	0.166142020094746	1.45683621353109e-08	0.000769863752050157	0.166142020094746	1.45683621353109e-08	0.000769863752050157	0.166142020094746	1.45683621353109e-08	0.000769863752050157	0.166142020094746	1.45683621353109e-08
20.929945602	0.000765245123516478	0.165204930106093	1.06275686523284e-08	0.000765245123516478	0.165204930106093	1.06275686523284e-08	0.000765245123516478	0.165204930106093	1.06275686523284e-08	0.000765245123516478	0.165204930106093	1.06275686523284e-08	0.000765245123516478	0.165204930106093	1.06275686523284e-08
21.06158048	0.000750540841747895	0.166417400690974	1.00210476868543e-08	0.000750540841747895	0.166417400690974	1.00210476868543e-08	0.000750540841747895	0.166417400690974	1.00210476868543e-08	0.000750540841747895	0.166417400690974	1.00210476868543e-08	0.000750540841747895	0.166417400690974	1.00210476868543e-08
21.193215358	0.000708578713765876	0.165994107253983	9.94795195667973e-09	0.000708578713765876	0.165994107253983	9.94795195667973e-09	0.000708578713765876	0.165994107253983	9.94795195667973e-09	0.000708578713765876	0.165994107253983	9.94795195667973e-09	0.000708578713765876	0.165994107253983	9.94795195667973e-09
21.324850236	0.000694766669495654	0.165817454565912	9.91984657137659e-09	0.000694766669495654	0.165817454565912	9.91984657137659e-09	0.000694766669495654	0.165817454565912	9.91984657137659e-09	0.000694766669495654	0.165817454565912	9.91984657137659e-09	0.000694766669495654	0.165817454565912	9.91984657137659e-09
21.456485114	0.000666083065577325	0.164639241932141	9.6552458716009e-09	0.000666083065577325	0.164639241932141	9.6552458716009e-09	0.000666083065577325	0.164639241932141	9.6552458716009e-09	0.000666083065577325	0.164639241932141	9.6552458716009e-09	0.000666083065577325	0.164639241932141	9.6552458716009e-09
21.588119992	0.000668348354566654	0.164307422171802	9.53752627192487e-09	0.000668348354566654	0.164307422171802	9.53752627192487e-09	0.000668348354566654	0.164307422171802	9.53752627192487e-09	0.000668348354566654	0.164307422171802	9.53752627192487e-09	0.000668348354566654	0.164307422171802	9.53752627192487e-09
21.71975487	0.00061751093072836	0.164460115546968	9.46661499886867e-09	0.00061751093072836	0.164460115546968	9.46661499886867e-09	0.00061751093072836	0.164460115546968	9.46661499886867e-09	0.00061751093072836	0.164460115546968	9.46661499886867e-09	0.00061751093072836	0.164460115546968	9.46661499886867e-09
21.851389748	0.00062045688104607	0.163949595085143	9.47885161406122e-09	0.00062045688104607	0.163949595085143	9.47885161406122e-09	0.00062045688104607	0.163949595085143	9.47885161406122e-09	0.00062045688104607	0.163949595085143	9.47885161406122e-09	0.00062045688104607	0.163949595085143	9.47885161406122e-09
21.983024626	0.000593468351832126	0.16403042236652	9.28274215150518e-09	0.000593468351832126	0.16403042236652	9.28274215150518e-09	0.000593468351832126	0.16403042236652	9.28274215150518e-09	0.000593468351832126	0.16403042236652	9.28274215150518e-09	0.000593468351832126	0.16403042236652	9.28274215150518e-09
22.114659504	0.000560590795275594	0.163091202845177	9.97990788871482e-09	0.000560590795275594	0.163091202845177	9.97990788871482e-09	0.000560590795275594	0.163091202845177	9.97990788871482e-09	0.000560590795275594	0.163091202845177	9.97990788871482e-09	0.000560590795275594	0.163091202845177	9.97990788871482e-09
22.246294382	0.000549103428501718	0.163318019595408	9.2217844471402e-09	0.000549103428501718	0.163318019595408	9.2217844471402e-09	0.000549103428501718	0.163318019595408	9.2217844471402e-09	0.000549103428501718	0.163318019595408	9.2217844471402e-09	0.000549103428501718	0.163318019595408	9.2217844471402e-09
22.37792926	0.00051925725028603	0.164406852690332	9.01201146311594e-09	0.00051925725028603	0.164406852690332	9.01201146311594e-09	0.00051925725028603	0.164406852690332	9.01201146311594e-09	0.00051925725028603	0.164406852690332	9.01201146311594e-09	0.00051925725028603	0.164406852690332	9.01201146311594e-09
22.509564138	0.00052495477918391	0.164080319772532	1.00011616339565e-08	0.00052495477918391	0.164080319772532	1.00011616339565e-08	0.00052495477918391	0.164080319772532	1.00011616339565e-08	0.00052495477918391	0.164080319772532	1.00011616339565e-08	0.00052495477918391	0.164080319772532	1.00011616339565e-08
22.641199016	0.000492827767033279	0.162448589586973	9.52197604967253e-09	0.000492827767033279	0.162448589586973	9.52197604967253e-09	0.000492827767033279	0.162448589586973	9.52197604967253e-09	0.000492827767033279	0.162448589586973	9.52197604967253e-09	0.000492827767033279	0.162448589586973	9.52197604967253e-09
22.772833894	0.000506563001048173	0.162081702505028	9.07772542368108e-09	0.000506563001048173	0.162081702505028	9.07772542368108e-09	0.000506563001048173	0.162081702505028	9.07772542368108e-09	0.000506563001048173	0.162081702505028	9.07772542368108e-09	0.000506563001048173	0.162081702505028	9.07772542368108e-09
22.904468772	0.000469619186527365	0.163807468997966	8.8545444422825e-09	0.000469619186527365	0.163807468997966	8.8545444422825e-09	0.000469619186527365	0.163807468997966	8.8545444422825e-09	0.000469619186527365	0.163807468997966	8.8545444422825e-09	0.000469619186527365	0.163807468997966	8.8545444422825e-09
23.03610365	0.000432572607682935	0.162883270717501	8.64044915480444e-09	0.000432572607682935	0.162883270717501	8.64044915480444e-09	0.000432572607682935	0.162883270717501	8.64044915480444e-09	0.000432572607682935	0.162883270717501	8.64044915480444e-09	0.000432572607682935	0.162883270717501	8.64044915480444e-09
23.167738528	0.000418627332932522	0.161819664978487	8.59577860087079e-09	0.000418627332932522	0.161819664978487	8.59577860087079e-09	0.000418627332932522	0.161819664978487	8.59577860087079e-09	0.000418627332932522	0.161819664978487	8.59577860087079e-09	0.000418627332932522	0.161819664978487	8.59577860087079e-09
23.299373406	0.000388359537233374	0.161745284382119	9.70206087924019e-09	0.000388359537233374	0.161745284382119	9.70206087924019e-09	0.000388359537233374	0.161745284382119	9.70206087924019e-09	0.000388359537233374	0.161745284382119	9.70206087924019e-09	0.000388359537233374	0.161745284382119	9.70206087924019e-09
23.431008284	0.000382715354125729	0.160612070724298	8.72262016922466e-09	0.000382715354125729	0.160612070724298	8.72262016922466e-09	0.000382715354125729	0.160612070724298	8.72262016922466e-09	0.000382715354125729	0.160612070724298	8.72262016922466e-09	0.000382715354125729	0.160612070724298	8.72262016922466e-09
23.562643162	0.00035459460654189	0.161161869866679	9.32790549074393e-09	0.00035459460654189	0.161161869866679	9.32790549074393e-09	0.00035459460654189	0.161161869866679	9.32790549074393e-09	0.00035459460654189	0.161161869866679	9.32790549074393e-09	0.00035459460654189	0.161161869866679	9.32790549074393e-09
23.69427804	0.000353827739420838	0.161124734895847	8.69683698105848e-09	0.000353827739420838	0.161124734895847	8.69683698105848e-09	0.000353827739420838	0.161124734895847	8.69683698105848e-09	0.000353827739420838	0.161124734895847	8.69683698105848e-09	0.000353827739420838	0.161124734895847	8.69683698105848e-09
23.825912918	0.000320115939506641	0.160177674094542	8.32534993144523e-09	0.000320115939506641	0.160177674094542	8.32534993144523e-09	0.000320115939506641	0.160177674094542	8.32534993144523e-09	0.000320115939506641	0.160177674094542	8.32534993144523e-09	0.000320115939506641	0.160177674094542	8.32534993144523e-09
23.957547796	0.000324667042474961	0.160035129498416	8.15196145821206e-09	0.000324667042474961	0.160035129498416	8.15196145821206e-09	0.000324667042474961	0.160035129498416	8.15196145821206e-09	0.000324667042474961	0.160035129498416	8.15196145821206e-09	0.000324667042474961	0.160035129498416	8.15196145821206e-09
24.089182674	0.000322951314531676	0.160397246844802	8.09855370559201e-09	0.000322951314531676	0.160397246844802	8.09855370559201e-09	0.000322951314531676	0.160397246844802	8.09855370559201e-09	0.000322951314531676	0.160397246844802	8.09855370559201e-09	0.000322951314531676	0.160397246844802	8.09855370559201e-09
24.220817552	0.000311378732331904	0.158688588110339	8.0148413770715e-09	0.000311378732331904	0.158688588110339	8.0148413770715e-09	0.000311378732331904	0.158688588110339	8.0148413770715e-09	0.000311378732331904	0.158688588110339	8.0148413770715e-09	0.000311378732331904	0.158688588110339	8.0148413770715e-09
24.35245243	0.000283940081868153	0.159395812082177	7.97368517904332e-09	0.000283940081868153	0.159395812082177	7.97368517904332e-09	0.000283940081868153	0.159395812082177	7.97368517904332e-09	0.000283940081868153	0.159395812082177	7.97368517904332e-09	0.000283940081868153	0.159395812082177	7.97368517904332e-09
24.484087308	0.000277306400902707	0.159318262031984	7.99682846225669e-09	0.000277306400902707	0.159318262031984	7.99682846225669e-09	0.000277306400902707	0.159318262031984	7.99682846225669e-09	0.000277306400902707	0.159318262031984	7.99682846225669e-09	0.000277306400902707	0.159318262031984	7.99682846225669e-09
24.615722186	0.000259992087991708	0.158519270453389	7.90132466137067e-09	0.000259992087991708	0.158519270453389	7.90132466137067e-09	0.000259992087991708	0.158519270453389	7.90132466137067e-09	0.000259992087991708	0.158519270453389	7.90132466137067e-09	0.000259992087991708	0.158519270453389	7.90132466137067e-09
24.747357064	0.000252915290218905	0.157844790898422	7.85573208511715e-09	0.000252915290218905	0.157844790898422	7.85573208511715e-09	0.000252915290218905	0.157844790898422	7.85573208511715e-09	0.000252915290218905	0.157844790898422	7.85573208511715e-09	0.000252915290218905	0.157844790898422	7.85573208511715e-09
24.878991942	0.000245256841014288	0.15754158859683	7.79596430049366e-09	0.000245256841014288	0.15754158859683	7.79596430049366e-09	0.000245256841014288	0.15754158859683	7.79596430049366e-09	0.000245256841014288	0.15754158859683	7.79596430049366e-09	0.000245256841014288	0.15754158859683	7.79596430049366e-09
25.01062682	0.000241140286499332	0.156455842687601	7.76673896025425e-09	0.000241140286499332	0.156455842687601	7.76673896025425e-09	0.000241140286499332	0.156455842687601	7.76673896025425e-09	0.000241140286499332	0.156455842687601	7.76673896025425e-09	0.000241140286499332	0.156455842687601	7.76673896025425e-09
25.142261698	0.000239614777858956	0.155392684210737	8.28613067522623e-09	0.000239614777858956	0.155392684210737	8.28613067522623e-09	0.000239614777858956	0.155392684210737	8.28613067522623e-09	0.000239614777858956	0.155392684210737	8.28613067522623e-09	0.000239614777858956	0.155392684210737	8.28613067522623e-09
25.273896576	0.000220707684171001	0.156151354706768	8.23649389208293e-09	0.000220707684171001	0.156151354706768	8.23649389208293e-09	0.000220707684171001	0.156151354706768	8.23649389208293e-09	0.000220707684171001	0.156151354706768	8.23649389208293e-09	0.000220707684171001	0.156151354706768	8.23649389208293e-09
25.405531454	0.000213261122847995	0.155751887628183	7.91118396371255e-09	0.000213261122847995	0.155751887628183	7.91118396371255e-09	0.000213261122847995	0.155751887628183	7.91118396371255e-09	0.000213261122847995	0.155751887628183	7.91118396371255e-09	0.000213261122847995	0.155751887628183	7.91118396371255e-09
25.537166332	0.000219936383055233	0.15476680797872	7.73249183429904e-09	0.000219936383055233	0.15476680797872	7.73249183429904e-09	0.000219936383055233	0.15476680797872	7.73249183429904e-09	0.000219936383055233	0.15476680797872	7.73249183429904e-09	0.000219936383055233	0.15476680797872	7.73249183429904e-09
25.66880121	0.00019977485432831	0.154040098608984	7.62006355647548e-09	0.00019977485432831	0.154040098608984	7.62006355647548e-09	0.00019977485432831	0.154040098608984	7.62006355647548e-09	0.00019977485432831	0.154040098608984	7.62006355647548e-09	0.00019977485432831	0.154040098608984	7.62006355647548e-09
25.800436088	0.000194195450205141	0.153355714526836	7.53134152518706e-09	0.000194195450205141	0.153355714526836	7.53134152518706e-09	0.000194195450205141	0.153355714526836	7.53134152518706e-09	0.000194195450205141	0.153355714526836	7.53134152518706e-09	0.000194195450205141	0.153355714526836	7.53134152518706e-09
25.932070966	0.000192242316317379	0.15300039445845	7.43590463578466e-09	0.000192242316317379	0.15300039445845	7.43590463578466e-09	0.000192242316317379	0.15300039445845	7.43590463578466e-09	0.000192242316317379	0.15300039445845	7.43590463578466e-09	0.000192242316317379	0.15300039445845	7.43590463578466e-09
26.063705844	0.000182793822239918	0.151680102154845	7.38990816454677e-09	0.000182793822239918	0.151680102154845	7.38990816454677e-09	0.000182793822239918	0.151680102154845	7.38990816454677e-09	0.000182793822239918	0.151680102154845	7.38990816454677e-09	0.000182793822239918	0.151680102154845	7.38990816454677e-09
26.195340722	0.000168605391761973	0.152965496555868	7.33348916873876e-09	0.000168605391761973	0.152965496555868	7.33348916873876e-09	0.000168605391761973	0.152965496555868	7.33348916873876e-09	0.000168605391761973	0.152965496555868	7.33348916873876e-09	0.000168605391761973	0.152965496555868	7.33348916873876e-09
26.3269756	0.00017644220815006	0.15161745374656	7.64781875310789e-09	0.00017644220815006	0.15161745374656	7.64781875310789e-09	0.00017644220815006	0.15161745374656	7.64781875310789e-09	0.00017644220815006	0.15161745374656	7.64781875310789e-09	0.00017644220815006	0.15161745374656	7.64781875310789e-09
26.458610478	0.000155159311645743	0.149872140416475	7.504265805488e-09	0.000155159311645743	0.149872140416475	7.504265805488e-09	0.000155159311645743	0.149872140416475	7.504265805488e-09	0.000155159311645743	0.149872140416475	7.504265805488e-09	0.000155159311645743	0.149872140416475	7.504265805488e-09
26.590245356	0.000156325204108262	0.149487962149766	7.34328972055458e-09	0.000156325204108262	0.149487962149766	7.34328972055458e-09	0.000156325204108262	0.149487962149766	7.34328972055458e-09	0.000156325204108262	0.149487962149766	7.34328972055458e-09	0.000156325204108262	0.149487962149766	7.34328972055458e-09
26.721880234	0.000151762163063095	0.148553716362145	7.22212507463416e-09	0.000151762163063095	0.148553716362145	7.22212507463416e-09	0.000151762163063095	0.148553716362145	7.22212507463416e-09	0.000151762163063095	0.148553716362145	7.22212507463416e-09	0.000151762163063095	0.148553716362145	7.22212507463416e-09
26.853515112	0.00014686431860173	0.149441690030975	7.17322502757549e-09	0.00014686431860173	0.149441690030975	7.17322502757549e-09	0.00014686431860173	0.149441690030975	7.17322502757549e-09	0.00014686431860173	0.149441690030975	7.17322502757549e-09	0.00014686431860173	0.149441690030975	7.17322502757549e-09
26.98514999	0.000139467122352663	0.146952815248567	7.11046096672601e-09	0.000139467122352663	0.146952815248567	7.11046096672601e-09	0.000139467122352663	0.146952815248567	7.11046096672601e-09	0.000139467122352663	0.146952815248567	7.11046096672601e-09	0.000139467122352663	0.146952815248567	7.11046096672601e-09
27.116784868	0.000133976611721379	0.146290329243162	7.08685808129238e-09	0.000133976611721379	0.146290329243162	7.08685808129238e-09	0.000133976611721379	0.146290329243162	7.08685808129238e-09	0.000133976611721379	0.146290329243162	7.08685808129238e-09	0.000133976611721379	0.146290329243162	7.08685808129238e-09
27.248419746	0.000139704388547039	0.144456688607709	7.0148757985969e-09	0.000139704388547039	0.144456688607709	7.0148757985969e-09	0.000139704388547039	0.144456688607709	7.0148757985969e-09	0.000139704388547039	0.144456688607709	7.0148757985969e-09	0.000139704388547039	0.144456688607709	7.0148757985969e-09
27.380054624	0.000136476630246405	0.142899648863966	6.97157211131694e-09	0.000136476630246405	0.142899648863966	6.97157211131694e-09	0.000136476630246405	0.142899648863966	6.97157211131694e-09	0.000136476630246405	0.142899648863966	6.97157211131694e-09	0.000136476630246405	0.142899648863966	6.97157211131694e-09
27.511689502	0.000134790086682784	0.142396135735406	6.95600874309156e-09	0.000134790086682784	0.142396135735406	6.95600874309156e-09	0.000134790086682784	0.142396135735406	6.95600874309156e-09	0.000134790086682784	0.142396135735406	6.95600874309156e-09	0.000134790086682784	0.142396135735406	6.95600874309156e-09
27.64332438	0.000118838726595374	0.14205698762307	6.94336928035959e-09	0.000118838726595374	0.14205698762307	6.94336928035959e-09	0.000118838726595374	0.14205698762307	6.94336928035959e-09	0.000118838726595374	0.14205698762307	6.94336928035959e-09	0.000118838726595374	0.14205698762307	6.94336928035959e-09
27.774959258	0.000117242089599802	0.140639420846627	6.87860029593442e-09	0.000117242089599802	0.140639420846627	6.87860029593442e-09	0.000117242089599802	0.140639420846627	6.87860029593442e-09	0.000117242089599802	0.140639420846627	6.87860029593442e-09	0.000117242089599802	0.140639420846627	6.87860029593442e-09
27.906594136	0.000109407382311935	0.140796342547406	6.88158314507127e-09	0.000109407382311935	0.140796342547406	6.88158314507127e-09	0.000109407382311935	0.140796342547406	6.88158314507127e-09	0.000109407382311935	0.140796342547406	6.88158314507127e-09	0.000109407382311935	0.140796342547406	6.88158314507127e-09
28.038229014	0.000117749899803349	0.137067531108713	6.83625424677472e-09	0.000117749899803349	0.137067531108713	6.83625424677472e-09	0.000117749899803349	0.137067531108713	6.83625424677472e-09	0.000117749899803349	0.137067531108713	6.83625424677472e-09	0.000117749899803349	0.137067531108713	6.83625424677472e-09
28.169863892	0.000102015282823959	0.136739943898489	6.9233315415441e-09	0.000102015282823959	0.136739943898489	6.9233315415441e-09	0.000102015282823959	0.136739943898489	6.9233315415441e-09	0.000102015282823959	0.136739943898489	6.9233315415441e-09	0.000102015282823959	0.136739943898489	6.9233315415441e-09
28.30149877	9.55653382710706e-05	0.136178369857915	6.757032007492e-09	9.55653382710706e-05	0.136178369857915	6.757032007492e-09	9.55653382710706e-05	0.136178369857915	6.757032007492e-09	9.55653382710706e-05	0.136178369857915	6.757032007492e-09	9.55653382710706e-05	0.136178369857915	6.757032007492e-09
28.433133648	9.45707646649451e-05	0.134712470181737	6.69815680745306e-09	9.45707646649451e-05	0.134712470181737	6.69815680745306e-09	9.45707646649451e-05	0.134712470181737	6.69815680745306e-09	9.45707646649451e-05	0.134712470181737	6.69815680745306e-09	9.45707646649451e-05	0.134712470181737	6.69815680745306e-09
28.564768526	9.35823439871199e-05	0.132619062895243	6.70702998894948e-09	9.35823439871199e-05	0.132619062895243	6.70702998894948e-09	9.35823439871199e-05	0.132619062895243	6.70702998894948e-09	9.35823439871199e-05	0.132619062895243	6.70702998894948e-09	9.35823439871199e-05	0.132619062895243	6.70702998894948e-09
28.696403404	8.80043157456036e-05	0.131677741135827	6.72678022786382e-09	8.80043157456036e-05	0.131677741135827	6.72678022786382e-09	8.80043157456036e-05	0.131677741135827	6.72678022786382e-09	8.80043157456036e-05	0.131677741135827	6.72678022786382e-09	8.80043157456036e-05	0.131677741135827	6.72678022786382e-09
28.828038282	8.46864222265309e-05	0.130892724644301	6.65209326474081e-09	8.46864222265309e-05	0.130892724644301	6.65209326474081e-09	8.46864222265309e-05	0.130892724644301	6.65209326474081e-09	8.46864222265309e-05	0.130892724644301	6.65209326474081e-09	8.46864222265309e-05	0.130892724644301	6.65209326474081e-09
28.95967316	8.42511112586673e-05	0.129760258130927	6.61276442381464e-09	8.42511112586673e-05	0.129760258130927	6.61276442381464e-09	8.42511112586673e-05	0.129760258130927	6.61276442381464e-09	8.42511112586673e-05	0.129760258130927	6.61276442381464e-09	8.42511112586673e-05	0.129760258130927	6.61276442381464e-09
29.091308038	8.15315873476835e-05	0.127282594364263	6.6283414525663e-09	8.15315873476835e-05	0.127282594364263	6.6283414525663e-09	8.15315873476835e-05	0.127282594364263	6.6283414525663e-09	8.15315873476835e-05	0.127282594364263	6.6283414525663e-09	8.15315873476835e-05	0.127282594364263	6.6283414525663e-09
29.222942916	7.84344512141768e-05	0.127359597844595	6.57861836467548e-09	7.84344512141768e-05	0.127359597844595	6.57861836467548e-09	7.84344512141768e-05	0.127359597844595	6.57861836467548e-09	7.84344512141768e-05	0.127359597844595	6.57861836467548e-09	7.84344512141768e-05	0.127359597844595	6.57861836467548e-09
29.354577794	7.64429432893433e-05	0.125581844370493	6.46360691124731e-09	7.64429432893433e-05	0.125581844370493	6.46360691124731e-09	7.64429432893433e-05	0.125581844370493	6.46360691124731e-09	7.64429432893433e-05	0.125581844370493	6.46360691124731e-09	7.64429432893433e-05	0.125581844370493	6.46360691124731e-09
29.486212672	7.16725737120425e-05	0.124512965653463	6.47926454124817e-09	7.16725737120425e-05	0.124512965653463	6.47926454124817e-09	7.16725737120425e-05	0.124512965653463	6.47926454124817e-09	7.16725737120425e-05	0.124512965653463	6.47926454124817e-09	7.16725737120425e-05	0.124512965653463	6.47926454124817e-09
29.61784755	7.18405468923598e-05	0.123690368005941	6.46662319807985e-09	7.18405468923598e-05	0.123690368005941	6.46662319807985e-09	7.18405468923598e-05	0.123690368005941	6.46662319807985e-09	7.18405468923598e-05	0.123690368005941	6.46662319807985e-09	7.18405468923598e-05	0.123690368005941	6.46662319807985e-09
29.749482428	6.84018165965941e-05	0.122401238349574	7.2412757248515e-09	6.84018165965941e-05	0.122401238349574	7.2412757248515e-09	6.84018165965941e-05	0.122401238349574	7.2412757248515e-09	6.84018165965941e-05	0.122401238349574	7.2412757248515e-09	6.84018165965941e-05	0.122401238349574	7.2412757248515e-09
29.881117306	6.62601416352291e-05	0.121065751941807	6.82384237981903e-09	6.62601416352291e-05	0.121065751941807	6.82384237981903e-09	6.62601416352291e-05	0.121065751941807	6.82384237981903e-09	6.62601416352291e-05	0.121065751941807	6.82384237981903e-09	6.62601416352291e-05	0.121065751941807	6.82384237981903e-09
30.012752184	6.1887593252076e-05	0.120993668377267	6.4428259634613e-09	6.1887593252076e-05	0.120993668377267	6.4428259634613e-09	6.1887593252076e-05	0.120993668377267	6.4428259634613e-09	6.1887593252076e-05	0.120993668377267	6.4428259634613e-09	6.1887593252076e-05	0.120993668377267	6.4428259634613e-09
30.144387062	6.07620740510655e-05	0.120029649638318	6.38360645286456e-09	6.07620740510655e-05	0.120029649638318	6.38360645286456e-09	6.07620740510655e-05	0.120029649638318	6.38360645286456e-09	6.07620740510655e-05	0.120029649638318	6.38360645286456e-09	6.07620740510655e-05	0.120029649638318	6.38360645286456e-09
30.27602194	6.01388589951366e-05	0.11817312980894	6.25925175121987e-09	6.01388589951366e-05	0.11817312980894	6.25925175121987e-09	6.01388589951366e-05	0.11817312980894	6.25925175121987e-09	6.01388589951366e-05	0.11817312980894	6.25925175121987e-09	6.01388589951366e-05	0.11817312980894	6.25925175121987e-09
30.407656818	5.72972516750393e-05	0.118356007271718	6.21897680647237e-09	5.72972516750393e-05	0.118356007271718	6.21897680647237e-09	5.72972516750393e-05	0.118356007271718	6.21897680647237e-09	5.72972516750393e-05	0.118356007271718	6.21897680647237e-09	5.72972516750393e-05	0.118356007271718	6.21897680647237e-09
30.539291696	5.48326687212364e-05	0.116563404034866	6.22971054126619e-09	5.48326687212364e-05	0.116563404034866	6.22971054126619e-09	5.48326687212364e-05	0.116563404034866	6.22971054126619e-09	5.48326687212364e-05	0.116563404034866	6.22971054126619e-09	5.48326687212364e-05	0.116563404034866	6.22971054126619e-09
30.670926574	5.61563976402134e-05	0.115534431334634	6.15348859020508e-09	5.61563976402134e-05	0.115534431334634	6.15348859020508e-09	5.61563976402134e-05	0.115534431334634	6.15348859020508e-09	5.61563976402134e-05	0.115534431334634	6.15348859020508e-09	5.61563976402134e-05	0.115534431334634	6.15348859020508e-09
30.802561452	5.21922875099542e-05	0.116603830291864	6.10823306506022e-09	5.21922875099542e-05	0.116603830291864	6.10823306506022e-09	5.21922875099542e-05	0.116603830291864	6.10823306506022e-09	5.21922875099542e-05	0.116603830291864	6.10823306506022e-09	5.21922875099542e-05	0.116603830291864	6.10823306506022e-09
30.93419633	5.06539879481292e-05	0.113974697556097	6.11384509391511e-09	5.06539879481292e-05	0.113974697556097	6.11384509391511e-09	5.06539879481292e-05	0.113974697556097	6.11384509391511e-09	5.06539879481292e-05	0.113974697556097	6.11384509391511e-09	5.06539879481292e-05	0.113974697556097	6.11384509391511e-09
31.065831208	4.91421984593573e-05	0.112442326026329	6.04844171944797e-09	4.91421984593573e-05	0.112442326026329	6.04844171944797e-09	4.91421984593573e-05	0.112442326026329	6.04844171944797e-09	4.91421984593573e-05	0.112442326026329	6.04844171944797e-09	4.91421984593573e-05	0.112442326026329	6.04844171944797e-09
31.197466086	5.14778679097776e-05	0.111739663040578	6.03726215757778e-09	5.14778679097776e-05	0.111739663040578	6.03726215757778e-09	5.14778679097776e-05	0.111739663040578	6.03726215757778e-09	5.14778679097776e-05	0.111739663040578	6.03726215757778e-09	5.14778679097776e-05	0.111739663040578	6.03726215757778e-09
31.329100964	4.6859497718556e-05	0.111190491079084	6.00870262801664e-09	4.6859497718556e-05	0.111190491079084	6.00870262801664e-09	4.6859497718556e-05	0.111190491079084	6.00870262801664e-09	4.6859497718556e-05	0.111190491079084	6.00870262801664e-09	4.6859497718556e-05	0.111190491079084	6.00870262801664e-09
31.460735842	4.37099326941154e-05	0.111939688510178	5.96164792639501e-09	4.37099326941154e-05	0.111939688510178	5.96164792639501e-09	4.37099326941154e-05	0.111939688510178	5.96164792639501e-09	4.37099326941154e-05	0.111939688510178	5.96164792639501e-09	4.37099326941154e-05	0.111939688510178	5.96164792639501e-09
31.59237072	4.16160035755503e-05	0.110831210721764	5.99636920346955e-09	4.16160035755503e-05	0.110831210721764	5.99636920346955e-09	4.16160035755503e-05	0.110831210721764	5.99636920346955e-09	4.16160035755503e-05	0.110831210721764	5.99636920346955e-09	4.16160035755503e-05	0.110831210721764	5.99636920346955e-09
31.724005598	4.4408711275801e-05	0.110073501980436	5.94112982129667e-09	4.4408711275801e-05	0.110073501980436	5.94112982129667e-09	4.4408711275801e-05	0.110073501980436	5.94112982129667e-09	4.4408711275801e-05	0.110073501980436	5.94112982129667e-09	4.4408711275801e-05	0.110073501980436	5.94112982129667e-09
31.855640476	3.88197040982456e-05	0.110007151069033	5.92174631490467e-09	3.88197040982456e-05	0.110007151069033	5.92174631490467e-09	3.88197040982456e-05	0.110007151069033	5.92174631490467e-09	3.88197040982456e-05	0.110007151069033	5.92174631490467e-09	3.88197040982456e-05	0.110007151069033	5.92174631490467e-09
31.987275354	3.99286287171484e-05	0.109162823753054	5.8474078725352e-09	3.99286287171484e-05	0.109162823753054	5.8474078725352e-09	3.99286287171484e-05	0.109162823753054	5.8474078725352e-09	3.99286287171484e-05	0.109162823753054	5.8474078725352e-09	3.99286287171484e-05	0.109162823753054	5.8474078725352e-09
32.118910232	3.77015990122891e-05	0.109622264654189	5.83321268873378e-09	3.77015990122891e-05	0.109622264654189	5.83321268873378e-09	3.77015990122891e-05	0.109622264654189	5.83321268873378e-09	3.77015990122891e-05	0.109622264654189	5.83321268873378e-09	3.77015990122891e-05	0.109622264654189	5.83321268873378e-09
32.25054511	3.78522832622701e-05	0.110469926069291	5.76587334695767e-09	3.78522832622701e-05	0.110469926069291	5.76587334695767e-09	3.78522832622701e-05	0.110469926069291	5.76587334695767e-09	3.78522832622701e-05	0.110469926069291	5.76587334695767e-09	3.78522832622701e-05	0.110469926069291	5.76587334695767e-09
32.382179988	3.5534580804528e-05	0.108445084519697	5.74121030601075e-09	3.5534580804528e-05	0.108445084519697	5.74121030601075e-09	3.5534580804528e-05	0.108445084519697	5.74121030601075e-09	3.5534580804528e-05	0.108445084519697	5.74121030601075e-09	3.5534580804528e-05	0.108445084519697	5.74121030601075e-09
32.513814866	3.25407607272617e-05	0.107266388874923	5.69049585765255e-09	3.25407607272617e-05	0.107266388874923	5.69049585765255e-09	3.25407607272617e-05	0.107266388874923	5.69049585765255e-09	3.25407607272617e-05	0.107266388874923	5.69049585765255e-09	3.25407607272617e-05	0.107266388874923	5.69049585765255e-09
32.645449744	3.3936935911337e-05	0.108231838351056	5.69721739632638e-09	3.3936935911337e-05	0.108231838351056	5.69721739632638e-09	3.3936935911337e-05	0.108231838351056	5.69721739632638e-09	3.3936935911337e-05	0.108231838351056	5.69721739632638e-09	3.3936935911337e-05	0.108231838351056	5.69721739632638e-09
32.777084622	2.98433927725759e-05	0.108587079842329	5.69011990223211e-09	2.98433927725759e-05	0.108587079842329	5.69011990223211e-09	2.98433927725759e-05	0.108587079842329	5.69011990223211e-09	2.98433927725759e-05	0.108587079842329	5.69011990223211e-09	2.98433927725759e-05	0.108587079842329	5.69011990223211e-09
32.9087195	2.88276171108418e-05	0.108640077982352	5.66424989747124e-09	2.88276171108418e-05	0.108640077982352	5.66424989747124e-09	2.88276171108418e-05	0.108640077982352	5.66424989747124e-09	2.88276171108418e-05	0.108640077982352	5.66424989747124e-09	2.88276171108418e-05	0.108640077982352	5.66424989747124e-09
33.040354378	2.79506745845955e-05	0.106212117197668	5.62713037763151e-09	2.79506745845955e-05	0.106212117197668	5.62713037763151e-09	2.79506745845955e-05	0.106212117197668	5.62713037763151e-09	2.79506745845955e-05	0.106212117197668	5.62713037763151e-09	2.79506745845955e-05	0.106212117197668	5.62713037763151e-09
33.171989256	2.75292503238709e-05	0.106295082108252	5.59674880513576e-09	2.75292503238709e-05	0.106295082108252	5.59674880513576e-09	2.75292503238709e-05	0.106295082108252	5.59674880513576e-09	2.75292503238709e-05	0.106295082108252	5.59674880513576e-09	2.75292503238709e-05	0.106295082108252	5.59674880513576e-09
33.303624134	2.69359978157776e-05	0.105972597822588	5.55455615412759e-09	2.69359978157776e-05	0.105972597822588	5.55455615412759e-09	2.69359978157776e-05	0.105972597822588	5.55455615412759e-09	2.69359978157776e-05	0.105972597822588	5.55455615412759e-09	2.69359978157776e-05	0.105972597822588	5.55455615412759e-09
33.435259012	2.57659846206566e-05	0.106244891993852	5.58142727326822e-09	2.57659846206566e-05	0.106244891993852	5.58142727326822e-09	2.57659846206566e-05	0.106244891993852	5.58142727326822e-09	2.57659846206566e-05	0.106244891993852	5.58142727326822e-09	2.57659846206566e-05	0.106244891993852	5.58142727326822e-09
33.56689389	2.51255800470233e-05	0.107021096928041	5.51990348136063e-09	2.51255800470233e-05	0.107021096928041	5.51990348136063e-09	2.51255800470233e-05	0.107021096928041	5.51990348136063e-09	2.51255800470233e-05	0.107021096928041	5.51990348136063e-09	2.51255800470233e-05	0.107021096928041	5.51990348136063e-09
33.698528768	2.34044024456379e-05	0.105704211863292	5.50796141785446e-09	2.34044024456379e-05	0.105704211863292	5.50796141785446e-09	2.34044024456379e-05	0.105704211863292	5.50796141785446e-09	2.34044024456379e-05	0.105704211863292	5.50796141785446e-09	2.34044024456379e-05	0.105704211863292	5.50796141785446e-09
33.830163646	2.48146123955463e-05	0.105719720663875	5.47702542001233e-09	2.48146123955463e-05	0.105719720663875	5.47702542001233e-09	2.48146123955463e-05	0.105719720663875	5.47702542001233e-09	2.48146123955463e-05	0.105719720663875	5.47702542001233e-09	2.48146123955463e-05	0.105719720663875	5.47702542001233e-09
33.961798524	2.22987221136165e-05	0.105234229123648	5.44476905428827e-09	2.22987221136165e-05	0.105234229123648	5.44476905428827e-09	2.22987221136165e-05	0.105234229123648	5.44476905428827e-09	2.22987221136165e-05	0.105234229123648	5.44476905428827e-09	2.22987221136165e-05	0.105234229123648	5.44476905428827e-09
34.093433402	2.26534520292894e-05	0.104217814401036	5.41116327277443e-09	2.26534520292894e-05	0.104217814401036	5.41116327277443e-09	2.26534520292894e-05	0.104217814401036	5.41116327277443e-09	2.26534520292894e-05	0.104217814401036	5.41116327277443e-09	2.26534520292894e-05	0.104217814401036	5.41116327277443e-09
34.22506828	2.13025781587388e-05	0.104184839474689	5.39881575837398e-09	2.13025781587388e-05	0.104184839474689	5.39881575837398e-09	2.13025781587388e-05	0.104184839474689	5.39881575837398e-09	2.13025781587388e-05	0.104184839474689	5.39881575837398e-09	2.13025781587388e-05	0.104184839474689	5.39881575837398e-09
34.356703158	2.09656894613441e-05	0.103967622657462	5.40844493319507e-09	2.09656894613441e-05	0.103967622657462	5.40844493319507e-09	2.09656894613441e-05	0.103967622657462	5.40844493319507e-09	2.09656894613441e-05	0.103967622657462	5.40844493319507e-09	2.09656894613441e-05	0.103967622657462	5.40844493319507e-09
34.488338036	2.06491484557786e-05	0.104817327370645	5.33702364228777e-09	2.06491484557786e-05	0.104817327370645	5.33702364228777e-09	2.06491484557786e-05	0.104817327370645	5.33702364228777e-09	2.06491484557786e-05	0.104817327370645	5.33702364228777e-09	2.06491484557786e-05	0.104817327370645	5.33702364228777e-09
34.619972914	1.89252299309951e-05	0.104089800504019	5.3607314238709e-09	1.89252299309951e-05	0.104089800504019	5.3607314238709e-09	1.89252299309951e-05	0.104089800504019	5.3607314238709e-09	1.89252299309951e-05	0.104089800504019	5.3607314238709e-09	1.89252299309951e-05	0.104089800504019	5.3607314238709e-09
34.751607792	1.80473236267483e-05	0.103706951503051	5.35703513573825e-09	1.80473236267483e-05	0.103706951503051	5.35703513573825e-09	1.80473236267483e-05	0.103706951503051	5.35703513573825e-09	1.80473236267483e-05	0.103706951503051	5.35703513573825e-09	1.80473236267483e-05	0.103706951503051	5.35703513573825e-09
34.88324267	1.82352917003314e-05	0.103480165935628	5.3461921314071e-09	1.82352917003314e-05	0.103480165935628	5.3461921314071e-09	1.82352917003314e-05	0.103480165935628	5.3461921314071e-09	1.82352917003314e-05	0.103480165935628	5.3461921314071e-09	1.82352917003314e-05	0.103480165935628	5.3461921314071e-09
35.014877548	1.75189830469371e-05	0.103496503120456	5.28946104044935e-09	1.75189830469371e-05	0.103496503120456	5.28946104044935e-09	1.75189830469371e-05	0.103496503120456	5.28946104044935e-09	1.75189830469371e-05	0.103496503120456	5.28946104044935e-09	1.75189830469371e-05	0.103496503120456	5.28946104044935e-09
35.146512426	1.74557877130267e-05	0.103502710939239	5.24344098211539e-09	1.74557877130267e-05	0.103502710939239	5.24344098211539e-09	1.74557877130267e-05	0.103502710939239	5.24344098211539e-09	1.74557877130267e-05	0.103502710939239	5.24344098211539e-09	1.74557877130267e-05	0.103502710939239	5.24344098211539e-09
35.278147304	1.65109512152984e-05	0.103814457465681	5.25601067650799e-09	1.65109512152984e-05	0.103814457465681	5.25601067650799e-09	1.65109512152984e-05	0.103814457465681	5.25601067650799e-09	1.65109512152984e-05	0.103814457465681	5.25601067650799e-09	1.65109512152984e-05	0.103814457465681	5.25601067650799e-09
35.409782182	1.66004831784825e-05	0.102949381398987	5.19751354919083e-09	1.66004831784825e-05	0.102949381398987	5.19751354919083e-09	1.66004831784825e-05	0.102949381398987	5.19751354919083e-09	1.66004831784825e-05	0.102949381398987	5.19751354919083e-09	1.66004831784825e-05	0.102949381398987	5.19751354919083e-09
35.54141706	1.56818020400229e-05	0.102857458481205	5.2259771361216e-09	1.56818020400229e-05	0.102857458481205	5.2259771361216e-09	1.56818020400229e-05	0.102857458481205	5.2259771361216e-09	1.56818020400229e-05	0.102857458481205	5.2259771361216e-09	1.56818020400229e-05	0.102857458481205	5.2259771361216e-09
35.673051938	1.56027519495273e-05	0.102174310696869	5.15837095204111e-09	1.56027519495273e-05	0.102174310696869	5.15837095204111e-09	1.56027519495273e-05	0.102174310696869	5.15837095204111e-09	1.56027519495273e-05	0.102174310696869	5.15837095204111e-09	1.56027519495273e-05	0.102174310696869	5.15837095204111e-09
35.804686816	1.50051474701158e-05	0.103360214268894	5.11681770728514e-09	1.50051474701158e-05	0.103360214268894	5.11681770728514e-09	1.50051474701158e-05	0.103360214268894	5.11681770728514e-09	1.50051474701158e-05	0.103360214268894	5.11681770728514e-09	1.50051474701158e-05	0.103360214268894	5.11681770728514e-09
35.936321694	1.34472759671072e-05	0.10249797616899	5.07067027492134e-09	1.34472759671072e-05	0.10249797616899	5.07067027492134e-09	1.34472759671072e-05	0.10249797616899	5.07067027492134e-09	1.34472759671072e-05	0.10249797616899	5.07067027492134e-09	1.34472759671072e-05	0.10249797616899	5.07067027492134e-09
36.067956572	1.32022075858068e-05	0.102305629905729	5.05746149006775e-09	1.32022075858068e-05	0.102305629905729	5.05746149006775e-09	1.32022075858068e-05	0.102305629905729	5.05746149006775e-09	1.32022075858068e-05	0.102305629905729	5.05746149006775e-09	1.32022075858068e-05	0.102305629905729	5.05746149006775e-09
36.19959145	1.24491516319088e-05	0.102410352629788	5.05213743595456e-09	1.24491516319088e-05	0.102410352629788	5.05213743595456e-09	1.24491516319088e-05	0.102410352629788	5.05213743595456e-09	1.24491516319088e-05	0.102410352629788	5.05213743595456e-09	1.24491516319088e-05	0.102410352629788	5.05213743595456e-09
36.331226328	1.32464725133733e-05	0.101842953212107	5.03819656321754e-09	1.32464725133733e-05	0.101842953212107	5.03819656321754e-09	1.32464725133733e-05	0.101842953212107	5.03819656321754e-09	1.32464725133733e-05	0.101842953212107	5.03819656321754e-09	1.32464725133733e-05	0.101842953212107	5.03819656321754e-09
36.462861206	1.20636607546004e-05	0.102269791094722	5.01617035485204e-09	1.20636607546004e-05	0.102269791094722	5.01617035485204e-09	1.20636607546004e-05	0.102269791094722	5.01617035485204e-09	1.20636607546004e-05	0.102269791094722	5.01617035485204e-09	1.20636607546004e-05	0.102269791094722	5.01617035485204e-09
36.594496084	1.15101096949571e-05	0.102139486156783	4.97141494018117e-09	1.15101096949571e-05	0.102139486156783	4.97141494018117e-09	1.15101096949571e-05	0.102139486156783	4.97141494018117e-09	1.15101096949571e-05	0.102139486156783	4.97141494018117e-09	1.15101096949571e-05	0.102139486156783	4.97141494018117e-09
36.726130962	1.11898814972343e-05	0.10198445197011	4.95823222667594e-09	1.11898814972343e-05	0.10198445197011	4.95823222667594e-09	1.11898814972343e-05	0.10198445197011	4.95823222667594e-09	1.11898814972343e-05	0.10198445197011	4.95823222667594e-09	1.11898814972343e-05	0.10198445197011	4.95823222667594e-09
36.85776584	1.10125681799839e-05	0.101549110983147	4.93809297558472e-09	1.10125681799839e-05	0.101549110983147	4.93809297558472e-09	1.10125681799839e-05	0.101549110983147	4.93809297558472e-09	1.10125681799839e-05	0.101549110983147	4.93809297558472e-09	1.10125681799839e-05	0.101549110983147	4.93809297558472e-09
36.989400718	1.07631552807356e-05	0.102247378775129	4.90458993925662e-09	1.07631552807356e-05	0.102247378775129	4.90458993925662e-09	1.07631552807356e-05	0.102247378775129	4.90458993925662e-09	1.07631552807356e-05	0.102247378775129	4.90458993925662e-09	1.07631552807356e-05	0.102247378775129	4.90458993925662e-09
37.121035596	1.05629946827809e-05	0.101882242853142	4.91227318036764e-09	1.05629946827809e-05	0.101882242853142	4.91227318036764e-09	1.05629946827809e-05	0.101882242853142	4.91227318036764e-09	1.05629946827809e-05	0.101882242853142	4.91227318036764e-09	1.05629946827809e-05	0.101882242853142	4.91227318036764e-09
37.252670474	1.01573321326797e-05	0.102022293184778	4.82510216843313e-09	1.01573321326797e-05	0.102022293184778	4.82510216843313e-09	1.01573321326797e-05	0.102022293184778	4.82510216843313e-09	1.01573321326797e-05	0.102022293184778	4.82510216843313e-09	1.01573321326797e-05	0.102022293184778	4.82510216843313e-09
37.384305352	1.03660696058934e-05	0.101164578216068	4.82610707733421e-09	1.03660696058934e-05	0.101164578216068	4.82610707733421e-09	1.03660696058934e-05	0.101164578216068	4.82610707733421e-09	1.03660696058934e-05	0.101164578216068	4.82610707733421e-09	1.03660696058934e-05	0.101164578216068	4.82610707733421e-09
37.51594023	9.37319968185023e-06	0.101355077715734	4.7828582875144e-09	9.37319968185023e-06	0.101355077715734	4.7828582875144e-09	9.37319968185023e-06	0.101355077715734	4.7828582875144e-09	9.37319968185023e-06	0.101355077715734	4.7828582875144e-09	9.37319968185023e-06	0.101355077715734	4.7828582875144e-09
37.647575108	9.71581545044602e-06	0.101425737033606	4.79219457132411e-09	9.71581545044602e-06	0.101425737033606	4.79219457132411e-09	9.71581545044602e-06	0.101425737033606	4.79219457132411e-09	9.71581545044602e-06	0.101425737033606	4.79219457132411e-09	9.71581545044602e-06	0.101425737033606	4.79219457132411e-09
37.779209986	8.56402551105221e-06	0.101601475774881	4.74075781426299e-09	8.56402551105221e-06	0.101601475774881	4.74075781426299e-09	8.56402551105221e-06	0.101601475774881	4.74075781426299e-09	8.56402551105221e-06	0.101601475774881	4.74075781426299e-09	8.56402551105221e-06	0.101601475774881	4.74075781426299e-09
37.910844864	8.62573284838583e-06	0.100894080537639	4.755145904911e-09	8.62573284838583e-06	0.100894080537639	4.755145904911e-09	8.62573284838583e-06	0.100894080537639	4.755145904911e-09	8.62573284838583e-06	0.100894080537639	4.755145904911e-09	8.62573284838583e-06	0.100894080537639	4.755145904911e-09
38.042479742	7.87769354218663e-06	0.101416138892534	4.72612986472962e-09	7.87769354218663e-06	0.101416138892534	4.72612986472962e-09	7.87769354218663e-06	0.101416138892534	4.72612986472962e-09	7.87769354218663e-06	0.101416138892534	4.72612986472962e-09	7.87769354218663e-06	0.101416138892534	4.72612986472962e-09
38.17411462	7.46591763833887e-06	0.101155391654188	4.68605411176073e-09	7.46591763833887e-06	0.101155391654188	4.68605411176073e-09	7.46591763833887e-06	0.101155391654188	4.68605411176073e-09	7.46591763833887e-06	0.101155391654188	4.68605411176073e-09	7.46591763833887e-06	0.101155391654188	4.68605411176073e-09
38.305749498	7.35249566862329e-06	0.100955988686006	4.66507831272431e-09	7.35249566862329e-06	0.100955988686006	4.66507831272431e-09	7.35249566862329e-06	0.100955988686006	4.66507831272431e-09	7.35249566862329e-06	0.100955988686006	4.66507831272431e-09	7.35249566862329e-06	0.100955988686006	4.66507831272431e-09
38.437384376	6.86069372573881e-06	0.101372744747878	4.66544035151997e-09	6.86069372573881e-06	0.101372744747878	4.66544035151997e-09	6.86069372573881e-06	0.101372744747878	4.66544035151997e-09	6.86069372573881e-06	0.101372744747878	4.66544035151997e-09	6.86069372573881e-06	0.101372744747878	4.66544035151997e-09
38.569019254	7.0088513352992e-06	0.101861749806736	4.64580543716898e-09	7.0088513352992e-06	0.101861749806736	4.64580543716898e-09	7.0088513352992e-06	0.101861749806736	4.64580543716898e-09	7.0088513352992e-06	0.101861749806736	4.64580543716898e-09	7.0088513352992e-06	0.101861749806736	4.64580543716898e-09
38.700654132	6.56367614431957e-06	0.100724667277279	4.61125951594172e-09	6.56367614431957e-06	0.100724667277279	4.61125951594172e-09	6.56367614431957e-06	0.100724667277279	4.61125951594172e-09	6.56367614431957e-06	0.100724667277279	4.61125951594172e-09	6.56367614431957e-06	0.100724667277279	4.61125951594172e-09
38.83228901	6.43779409857417e-06	0.100953707219195	4.59632175704366e-09	6.43779409857417e-06	0.100953707219195	4.59632175704366e-09	6.43779409857417e-06	0.100953707219195	4.59632175704366e-09	6.43779409857417e-06	0.100953707219195	4.59632175704366e-09	6.43779409857417e-06	0.100953707219195	4.59632175704366e-09
38.963923888	6.33689716454558e-06	0.100433403273648	4.55828217811983e-09	6.33689716454558e-06	0.100433403273648	4.55828217811983e-09	6.33689716454558e-06	0.100433403273648	4.55828217811983e-09	6.33689716454558e-06	0.100433403273648	4.55828217811983e-09	6.33689716454558e-06	0.100433403273648	4.55828217811983e-09
39.095558766	6.22654713995314e-06	0.100282099002913	4.51858637502057e-09	6.22654713995314e-06	0.100282099002913	4.51858637502057e-09	6.22654713995314e-06	0.100282099002913	4.51858637502057e-09	6.22654713995314e-06	0.100282099002913	4.51858637502057e-09	6.22654713995314e-06	0.100282099002913	4.51858637502057e-09
39.227193644	5.97498879584943e-06	0.100325401750221	4.5313835973591e-09	5.97498879584943e-06	0.100325401750221	4.5313835973591e-09	5.97498879584943e-06	0.100325401750221	4.5313835973591e-09	5.97498879584943e-06	0.100325401750221	4.5313835973591e-09	5.97498879584943e-06	0.100325401750221	4.5313835973591e-09
39.358828522	5.92555659090715e-06	0.100457458286772	4.48627255389507e-09	5.92555659090715e-06	0.100457458286772	4.48627255389507e-09	5.92555659090715e-06	0.100457458286772	4.48627255389507e-09	5.92555659090715e-06	0.100457458286772	4.48627255389507e-09	5.92555659090715e-06	0.100457458286772	4.48627255389507e-09
39.4904634	5.71493257216817e-06	0.100418534840608	4.46014607168438e-09	5.71493257216817e-06	0.100418534840608	4.46014607168438e-09	5.71493257216817e-06	0.100418534840608	4.46014607168438e-09	5.71493257216817e-06	0.100418534840608	4.46014607168438e-09	5.71493257216817e-06	0.100418534840608	4.46014607168438e-09
39.622098278	5.50701682379832e-06	0.100331851559355	4.45597410815838e-09	5.50701682379832e-06	0.100331851559355	4.45597410815838e-09	5.50701682379832e-06	0.100331851559355	4.45597410815838e-09	5.50701682379832e-06	0.100331851559355	4.45597410815838e-09	5.50701682379832e-06	0.100331851559355	4.45597410815838e-09
39.753733156	5.42873360849257e-06	0.100159426668953	4.47119683478011e-09	5.42873360849257e-06	0.100159426668953	4.47119683478011e-09	5.42873360849257e-06	0.100159426668953	4.47119683478011e-09	5.42873360849257e-06	0.100159426668953	4.47119683478011e-09	5.42873360849257e-06	0.100159426668953	4.47119683478011e-09
39.885368034	5.34460627771342e-06	0.100955211082538	4.43782637981617e-09	5.34460627771342e-06	0.100955211082538	4.43782637981617e-09	5.34460627771342e-06	0.100955211082538	4.43782637981617e-09	5.34460627771342e-06	0.100955211082538	4.43782637981617e-09	5.34460627771342e-06	0.100955211082538	4.43782637981617e-09
