t	POCSmin	rNBKmin	NBKmin	POCSmax	rNBKmax	NBKmax	POCSmedian	rNBKmedian	NBKmedian	POCSquant25	rNBKquant25	NBKquant25	POCSquant75	rNBKquant75	NBKquant75
1	0.0013653237292462	0.00126564462366145	0.000931390000680668	0.00144588426374648	0.0014753795888026	0.00109370391111264	0.00138738989696134	0.00144595999949555	0.00100113585490131	0.00137364238939849	0.00135464930075451	0.000978377886616828	0.00143378993516111	0.00145675109921386	0.00103852103900725
101	0.00136455578079331	0.00126494772954021	0.000664425510407064	0.00144494503939866	0.00147456089017165	0.000829931734829083	0.00138641249199272	0.00144510968599563	0.00076185627251973	0.00137287094246127	0.00135389271574486	0.000689117473278105	0.00143297669758756	0.00145596826375792	0.000814332456937836
201	0.00136374107546262	0.0012640380815431	0.000557609988515085	0.00144379748481361	0.00147361131076171	0.000669451454999613	0.0013855912158731	0.00144407226185177	0.000590153589165273	0.00137214324833466	0.00135328587949018	0.000565377003025841	0.00143219171371851	0.00145503787285103	0.000615115769984999
301	0.00136288431035584	0.00126326716039967	0.000460800013760327	0.0014427921154486	0.00147274414001527	0.000514897185764132	0.00138437261859118	0.00144316216790783	0.00046901305136653	0.00137119536494876	0.00135250314453932	0.000461045081860266	0.00143128529203872	0.00145407164286454	0.000509287484660885
401	0.00136194991993258	0.00126258586037558	0.000340264847005698	0.0014419042316576	0.00147161393965758	0.000416371017202781	0.0013834683318462	0.00144235822411535	0.000376243071295076	0.00137048805906375	0.00135165168322091	0.000353706408469715	0.00143063951254774	0.00145336571710026	0.000415341495796471
501	0.00136110651834239	0.00126198216328258	0.000277518234153023	0.00144116911658241	0.00147083022361725	0.000368010934158526	0.00138254465707837	0.00144169274910215	0.000298008344217362	0.00136969015146196	0.00135078516405359	0.000279146512835806	0.00142973837075106	0.00145242323431884	0.000344241066255354
601	0.00136036704065556	0.00126116854672509	0.000224013859832258	0.00144006728271641	0.00146984666960595	0.00034555224106038	0.00138168881191685	0.0014406949093554	0.000267214344584718	0.00136870657608019	0.00135001736821013	0.000252833193498052	0.00142887201734937	0.00145156743673998	0.000314755976817256
701	0.00135961174647613	0.00126053936219545	0.000196979820842694	0.00143910106337624	0.00146886287562222	0.000324581194046839	0.00138092554359448	0.00143982046190296	0.0002393817831362	0.00136764182724543	0.00134921129209075	0.000221588499292855	0.00142795813375767	0.0014508202465731	0.000298225277132109
801	0.00135888787535333	0.0012597604357824	0.000188525882213843	0.00143817915848916	0.00146800480687549	0.000249084149781886	0.0013800332955823	0.00143898452809979	0.000193345686649689	0.00136681366039179	0.00134862935819053	0.000190729781473034	0.00142711841153684	0.00144992786014386	0.000244956201580088
901	0.00135791523399538	0.00125900017155643	0.00016507479551365	0.00143725640163768	0.00146730188383173	0.000223665661690153	0.00137920738057772	0.00143814815535052	0.000173130973062408	0.00136600745833785	0.0013477560113307	0.000170439023958467	0.00142625619871764	0.00144897384673718	0.000211499382566065
1001	0.00135691716550683	0.00125816327223272	0.000139891268858533	0.00143623471698095	0.00146661021031542	0.000205333274686283	0.00137828257651063	0.00143722212730288	0.000157416049470682	0.00136538196160394	0.00134692241038052	0.000143999857656278	0.00142521587473043	0.00144813529665177	0.000163072509765531
1101	0.00135607867791363	0.00125744466663263	0.000123928040999855	0.00143533028240045	0.00146567740812595	0.00017262934664757	0.00137732088388856	0.00143640274476461	0.000128682297960041	0.00136460649481623	0.00134633296166375	0.000124895964731818	0.00142432995875828	0.00144729790796102	0.000135185727964429
1201	0.00135519775435007	0.00125676316334437	0.0001084221992283	0.00143434234548237	0.00146495799123738	0.000150132913534789	0.00137610605757287	0.00143550699698022	0.000112181316053743	0.00136366895585168	0.00134548457155074	0.000109467100683054	0.00142365995291514	0.00144636880051143	0.000123452712211714
1301	0.00135437602481542	0.00125603464017617	9.79434614520697e-05	0.00143331570404695	0.00146409887928224	0.000133404355321501	0.00137490244494689	0.00143457499039555	0.000100901918552032	0.00136270178754876	0.00134471971052589	9.99114839156796e-05	0.00142284157437549	0.00144560738330799	0.000110092824832261
1401	0.00135343002287191	0.00125545694618576	8.84655432236047e-05	0.00143240257428277	0.00146325023583603	0.000123754633559664	0.00137405084225926	0.00143374619464757	9.40076129405205e-05	0.00136186672010527	0.00134404014084328	9.22950659236866e-05	0.00142200782992984	0.00144487227107643	0.000106446618936851
1501	0.00135260541342286	0.00125467929799165	7.88222533046851e-05	0.00143125778230129	0.00146231297868736	0.000108803657089062	0.00137337745952893	0.00143270706232773	8.651741897747e-05	0.00136098038007573	0.0013432224774985	8.10304847023185e-05	0.00142120457604922	0.00144405363097349	9.16000074622448e-05
1601	0.00135161078381474	0.00125406555792803	7.32144072860085e-05	0.00143046795728324	0.00146161226001844	0.000104415686944856	0.00137243840663098	0.00143199020256271	8.4429414893703e-05	0.00136005933376717	0.00134246250250492	7.64440630096895e-05	0.00142029884275499	0.00144312194593868	8.61350887970353e-05
1701	0.00135068027537739	0.00125344145500629	6.46910082372142e-05	0.00142937569745993	0.00146041990096863	0.000102995244611924	0.00137143208283153	0.00143099913210673	8.01547453130718e-05	0.00135909378919828	0.00134167372022177	7.04005917013535e-05	0.00141955372237618	0.00144232954715042	8.05282256505587e-05
1801	0.00134986705013966	0.00125253303988871	6.20811537385425e-05	0.0014286150820293	0.00145962539955081	8.58756450123907e-05	0.00137024424184385	0.00143030937792822	7.3153267350169e-05	0.00135849012716981	0.00134092544943457	6.29518424174485e-05	0.00141886752774526	0.00144156475389608	7.72459621144547e-05
1901	0.00134923050479631	0.0012518144797863	5.55987893442684e-05	0.00142771625420095	0.00145876660914005	7.98718339554053e-05	0.00136947333540375	0.00142949393295197	6.25861939176135e-05	0.00135767499652143	0.00134022314039284	6.07702622073042e-05	0.00141800096526309	0.00144081978674242	7.70281249020482e-05
2001	0.00134858602830396	0.00125127749860336	5.11736576740081e-05	0.00142666554122476	0.00145799805043998	7.47793278253154e-05	0.00136837759421477	0.00142853967871544	5.8619649009492e-05	0.00135693923187299	0.00133946202552145	5.84218557143383e-05	0.00141711689841671	0.00144024074630894	6.96739562014009e-05
2101	0.00134779960981069	0.00125045827602051	4.55547494030899e-05	0.00142597232611867	0.00145721751830506	6.36951259616872e-05	0.00136757298208858	0.0014279099612771	5.65519681112876e-05	0.00135613570174683	0.00133883700239851	5.39012590527716e-05	0.00141634034647384	0.00143937380424879	5.77319371461382e-05
2201	0.00134704033306661	0.00124970473169651	3.98838622789286e-05	0.00142499222042577	0.00145622880435344	5.79800431630102e-05	0.00136662908706586	0.00142701893536128	5.24192303437937e-05	0.00135517727137038	0.00133791938946444	5.08849853886623e-05	0.00141539550291764	0.00143855848971906	5.42257842045841e-05
2301	0.00134603906667341	0.00124903095401448	3.36621981967085e-05	0.00142409621049713	0.00145522539208971	5.75809528599299e-05	0.00136583371256138	0.00142620470619681	4.66834252830328e-05	0.00135436526985498	0.00133726404672255	4.55496387786883e-05	0.0014145796264552	0.00143775491693163	5.33684617194249e-05
2401	0.0013452462733311	0.00124823705067462	3.24587501003303e-05	0.00142302730419122	0.00145438393446216	5.07187554406981e-05	0.00136506407410184	0.00142523245512729	4.24292531868473e-05	0.00135365587185833	0.0013364737210333	4.02981027364069e-05	0.00141360514654875	0.0014370296506216	4.69820817467748e-05
2501	0.00134427515747054	0.00124740541904355	2.87482098933912e-05	0.00142209887849266	0.00145371224674895	4.8128302181819e-05	0.00136408935352747	0.00142438782668956	3.8960331990276e-05	0.00135317273643712	0.00133571474865347	3.71705614637003e-05	0.00141258411883092	0.00143606812974364	3.89689686177691e-05
2601	0.00134361696680352	0.00124677215854551	2.51079948229166e-05	0.00142100578196354	0.00145292932649001	4.52799701201694e-05	0.00136302804154176	0.0014233936388594	3.70018754857077e-05	0.0013522808668385	0.00133522112302215	3.46380620851961e-05	0.00141185029308695	0.00143534644080906	3.7406854112716e-05
2701	0.00134289852417365	0.00124610170759216	2.47504514505801e-05	0.0014202097906753	0.00145217885154911	4.40517427580949e-05	0.00136231495619165	0.00142266997654985	3.45759814312067e-05	0.00135129575532361	0.00133468160241914	3.14750151494757e-05	0.001411139231758	0.00143458614767575	3.48073844076757e-05
2801	0.00134186561023076	0.00124537335013476	2.32797053538967e-05	0.001419166618641	0.00145116441516598	4.05900173532738e-05	0.0013615531362529	0.00142172043793283	3.13058050976868e-05	0.00135045790919507	0.00133404378030802	2.8408054332561e-05	0.00141034654290773	0.00143377565046676	3.28055062003911e-05
2901	0.00134098653714724	0.00124448407764364	2.0316278074525e-05	0.00141818235205686	0.00145013122945674	3.92504559555591e-05	0.00136056705639273	0.0014208256379935	2.84923921397068e-05	0.00134972228121737	0.00133331284300437	2.68440664484709e-05	0.00140948198747396	0.0014330954436481	3.2683658364712e-05
3001	0.00134035183372075	0.00124388213686981	1.87562559614808e-05	0.00141710822449567	0.00144925825713904	3.35482337496641e-05	0.00135986929275538	0.00141984765270713	2.59445017060002e-05	0.00134895606279347	0.00133257006455756	2.48499683413586e-05	0.00140867860895675	0.00143207067958463	2.99813254777297e-05
3101	0.00133956413870876	0.0012432210113031	1.86754135897008e-05	0.00141636779451685	0.00144788149554705	3.12018600283036e-05	0.00135892707095368	0.00141917387219983	2.49624864022914e-05	0.00134809059401321	0.00133161319088225	2.14212585889184e-05	0.00140765828540289	0.00143125823945739	2.96321661308589e-05
3201	0.00133885498875411	0.00124255855306432	1.7118045980159e-05	0.00141541877000424	0.00144699335384181	2.95434820796001e-05	0.00135795585368977	0.00141830947262726	2.32098164640561e-05	0.00134740485351099	0.00133084847244047	2.08642103745787e-05	0.00140682795480292	0.00143062921557961	2.90317908590896e-05
3301	0.00133824501325606	0.00124192573369411	1.57367786396322e-05	0.0014141431617936	0.00144629151373121	2.80003500401061e-05	0.00135711305586906	0.00141714856293484	2.0817478012635e-05	0.001346565404636	0.00133009143363653	1.93297977386407e-05	0.00140610104186405	0.00142980008747053	2.77499328492478e-05
3401	0.00133751882763715	0.00124145185511334	1.57310516891251e-05	0.00141330421549167	0.00144557915976837	2.69023818184369e-05	0.00135630773616206	0.00141638413729402	1.92645696006407e-05	0.00134569529251245	0.00132943416277505	1.79123959418469e-05	0.00140526650412512	0.00142904793963478	2.38933582081552e-05
3501	0.00133668323560617	0.00124076428381486	1.33744465989934e-05	0.00141234826304523	0.00144465115479923	2.62287954403365e-05	0.00135553943855605	0.00141551414855177	1.79625449466586e-05	0.00134480887570468	0.00132852077456236	1.66909557394343e-05	0.00140431170704537	0.00142804554347236	2.21610700744508e-05
3601	0.00133584321403611	0.00123998266372868	1.24478825561105e-05	0.00141154092371095	0.00144388371002305	2.49743394934049e-05	0.00135485667700447	0.00141477878124394	1.68134167563639e-05	0.00134386333739712	0.00132754614838273	1.42186505603146e-05	0.00140352229529544	0.00142711468506261	2.10384964354795e-05
3701	0.00133486815819361	0.00123924068020881	1.07499310944741e-05	0.00141082715643336	0.00144310793183151	2.40889559398351e-05	0.0013540417919575	0.00141412730186196	1.55334084356589e-05	0.00134319546632935	0.00132685759881331	1.34780195138126e-05	0.00140263531336454	0.00142623751869331	1.80828799091605e-05
3801	0.00133419023471104	0.0012385785118205	1.00847308721287e-05	0.00140959099802221	0.00144212806802296	2.06133471847137e-05	0.00135313295955217	0.00141300073616457	1.51390350867861e-05	0.00134183757625455	0.001325997310425	1.27389336824401e-05	0.00140182024609885	0.00142552294967275	1.78671370930176e-05
3901	0.0013332492686294	0.00123788797018132	9.26491772112059e-06	0.00140888439477365	0.00144098256511342	1.82680080469714e-05	0.00135223520658847	0.00141235584894384	1.39009183317516e-05	0.00134105986278229	0.00132539080490503	1.17795377705533e-05	0.00140080211112312	0.00142453940325496	1.64312394228254e-05
4001	0.00133249910865956	0.00123716706016843	8.63428344480092e-06	0.00140786957354569	0.00144031374023952	1.73073644558283e-05	0.001351660985337	0.00141142938455057	1.29652063605151e-05	0.00134015175523045	0.00132464717353687	1.12893907388963e-05	0.00139984710528357	0.00142368864313619	1.56865782396692e-05
4101	0.00133173963484833	0.00123641908362771	8.11376218002696e-06	0.00140690616920201	0.0014394886042761	1.64245356543508e-05	0.00135095520647488	0.00141055046636446	1.22189513940346e-05	0.00133951890686466	0.00132393647376949	1.06329861437285e-05	0.00139897315762561	0.00142291544275077	1.4425793676736e-05
4201	0.00133088882102397	0.00123570101865907	7.68861513884325e-06	0.00140621366822018	0.00143879223917414	1.57899472206554e-05	0.00135015930388612	0.00140991823264084	1.0336156534186e-05	0.0013385997349003	0.00132314816732711	1.0168482173231e-05	0.00139816714274634	0.00142209002992422	1.36196956488978e-05
4301	0.00132993017637198	0.00123497555239811	7.36034755975831e-06	0.00140511994756723	0.00143803806302568	1.37899552807188e-05	0.0013492446428225	0.00140892153192023	1.00998283696129e-05	0.00133768798464042	0.00132229724165088	9.48633108253889e-06	0.00139740654795108	0.00142139495096297	1.27240784723209e-05
4401	0.00132913035192785	0.00123423226026471	6.18826829177152e-06	0.00140415428499327	0.00143706217128956	1.22478697372313e-05	0.00134820580399475	0.00140804011598188	9.52997648399762e-06	0.00133679263595698	0.00132159444347243	8.72563682908932e-06	0.00139656385028802	0.00142069696233241	1.17299563661028e-05
4501	0.0013282933522199	0.00123358310228545	6.24798695070112e-06	0.00140317738184342	0.00143626333755036	1.11393694391824e-05	0.00134736352724773	0.00140714873146814	9.2263554706931e-06	0.00133601393053614	0.00132089493314399	8.02387114327073e-06	0.00139572360615266	0.00141998701498254	1.09387205657889e-05
4601	0.00132753266274343	0.00123294980218703	5.53507788099994e-06	0.00140249792578034	0.00143546237938508	1.05551108707628e-05	0.00134644269121748	0.00140652659963497	8.52153486148703e-06	0.00133520686499247	0.00131995919597562	7.74171863038515e-06	0.00139478808100326	0.00141913742498127	1.02790200800932e-05
4701	0.00132677016341006	0.00123214849109978	5.28404835018196e-06	0.00140143240999267	0.00143457719733202	1.02613914072902e-05	0.0013455634407729	0.00140555372013209	7.54755730602973e-06	0.0013342375443871	0.00131914845181442	7.28575142507536e-06	0.0013940047126886	0.00141811554023793	9.39464412764996e-06
4801	0.00132587949307437	0.00123130865830336	4.9838774203593e-06	0.00140063039714943	0.00143380591956908	9.2123193320248e-06	0.00134466434511522	0.00140482159853189	7.19397833312949e-06	0.0013335950716318	0.001318161305719	6.96122621770183e-06	0.00139340602431369	0.00141723252584795	8.54030749391451e-06
4901	0.00132522585186296	0.00123065741275948	4.68894789519645e-06	0.0013996049528109	0.0014330242480531	8.28461676061498e-06	0.00134391337889667	0.00140388419501702	7.0622929234061e-06	0.0013326356550257	0.00131760119308466	6.69532253698614e-06	0.00139261221057786	0.00141627836322394	8.18216162375465e-06
5001	0.00132458309464875	0.00122999226896528	4.47247296389479e-06	0.00139848117412713	0.0014321986143737	8.0522782312527e-06	0.00134308072526953	0.0014028562013014	6.6496446056586e-06	0.00133169628098503	0.00131698633499217	6.50814326312479e-06	0.00139181696659922	0.00141551858854232	7.98104354415134e-06
5101	0.00132366798932179	0.00122943249668169	4.32448225201061e-06	0.00139748903275072	0.00143144475347406	7.56874082089312e-06	0.00134230272092157	0.00140194711733275	6.40851794798286e-06	0.00133097468957347	0.00131617452750972	6.27940061892725e-06	0.00139113743676459	0.00141448931869623	7.02312220416291e-06
5201	0.00132275992091626	0.00122858868733036	4.03762574299614e-06	0.00139640707827092	0.0014305442853985	7.03860170312923e-06	0.00134149292803144	0.00140095739798	6.22032923238486e-06	0.00133022750007411	0.0013155171628341	5.82966254368418e-06	0.00139029526488985	0.00141393767143274	6.96581681057031e-06
5301	0.00132205089730153	0.00122800441130238	3.69547788420781e-06	0.00139517921262606	0.0014296589521705	6.98168819776989e-06	0.0013407395306568	0.00139983471376732	6.01287839357603e-06	0.00132939134500865	0.00131477684370495	4.9407635781669e-06	0.00138944859508965	0.00141299416431976	6.41647542672823e-06
5401	0.00132117865441662	0.00122727361371431	3.28413370125532e-06	0.00139421817801704	0.0014288647630891	6.40988411002476e-06	0.00133998873004645	0.00139895605247389	5.67596833814667e-06	0.00132875517969669	0.00131419464040824	4.72101009796155e-06	0.00138868087747189	0.00141231745559318	5.77027961066358e-06
5501	0.00132035735404754	0.0012266691313657	3.12785913208261e-06	0.00139329854856522	0.00142806839724403	5.81000180995031e-06	0.00133911150082464	0.00139811403952636	4.60984195129829e-06	0.00132769245375585	0.00131334680544153	4.38095919739206e-06	0.0013876296951014	0.00141148822793169	5.63256110880558e-06
5601	0.00131950877106805	0.00122590756504186	2.93260363350558e-06	0.00139250975813542	0.00142731077029778	5.70879931000776e-06	0.00133829156287369	0.00139739262709659	4.12454398315407e-06	0.00132693647187417	0.00131266077548853	3.95655985284551e-06	0.00138683859491828	0.00141073885455266	5.00565116836898e-06
5701	0.00131887495940794	0.00122539156668193	2.72119381889488e-06	0.00139181600576783	0.00142652402718917	4.93746701542489e-06	0.00133765054068875	0.00139675810230691	3.95678455977154e-06	0.00132595518811632	0.00131200938945868	3.28991989701781e-06	0.00138615239896842	0.00140998897124541	4.64675220046004e-06
5801	0.0013184415586453	0.00122464858851963	2.63151150314112e-06	0.00139065589636457	0.00142557467905581	4.75727419058504e-06	0.00133684971313672	0.00139569684933854	3.72611798946399e-06	0.00132511004577695	0.00131140130986354	2.80561542147983e-06	0.00138542241835758	0.00140915723490352	4.53860428274927e-06
5901	0.00131757520670931	0.00122389303262273	2.40025285700661e-06	0.00138961681891512	0.00142481703986819	4.42292442533051e-06	0.00133615133488845	0.00139474747762386	3.66990580647148e-06	0.00132412007302437	0.00131080101539147	2.52664581603173e-06	0.00138463663209454	0.00140817112968633	4.11313163973691e-06
6001	0.00131662925075795	0.00122328096904196	2.23572657876322e-06	0.00138870925316908	0.0014240832282008	4.06909066031675e-06	0.00133521552120089	0.00139391582899194	3.49831698147264e-06	0.001323400015754	0.00131020075738493	2.3054511607865e-06	0.00138374277567252	0.00140732992199036	3.96898477470848e-06
6101	0.00131580902629873	0.00122269192223553	2.02588552958093e-06	0.00138770345648891	0.00142310230286349	3.91698885311202e-06	0.00133447235236715	0.00139299508295386	3.14455214621215e-06	0.00132269983628377	0.00130939749055319	2.16884526783644e-06	0.00138290191098531	0.00140665927525022	3.65312220148004e-06
6201	0.00131486262217988	0.00122203354605622	1.92179295186922e-06	0.00138670941696622	0.00142243942636375	3.71643436016521e-06	0.00133356344391597	0.00139208375169686	3.06093921295929e-06	0.00132202631112434	0.00130872697743613	2.03832741437742e-06	0.00138209976996475	0.00140590558251871	3.31535337282524e-06
6301	0.00131403968700146	0.00122115997223336	1.78870078772484e-06	0.00138556190908597	0.00142171155150174	3.52096140065716e-06	0.00133284663056685	0.00139103223571255	3.01219303115297e-06	0.00132115164980405	0.00130793967773729	1.87675559412436e-06	0.00138092911220372	0.00140532261219168	3.34792943064431e-06
6401	0.00131315950723054	0.00122049738762431	1.61156898772424e-06	0.00138480887235412	0.00142089587737619	3.40258441115555e-06	0.00133177024473625	0.00139034206694868	2.84734213178616e-06	0.00132023680220119	0.00130706422341473	1.78859982111114e-06	0.00137999411725877	0.001404546789853	3.3005659016228e-06
6501	0.00131241948782103	0.00121976143182694	1.58673950494369e-06	0.00138374163202831	0.00142006152894768	3.32147654319123e-06	0.00133105863208353	0.00138936230910899	2.69857054879376e-06	0.0013193420812185	0.00130630295166002	1.80423974070617e-06	0.00137906559381352	0.00140383580470201	2.87401359945124e-06
6601	0.00131167013253118	0.00121911646460217	1.43527708206637e-06	0.00138292965154327	0.00141912672463229	3.13067581481493e-06	0.00133027768556315	0.00138861786361615	2.51657015702314e-06	0.0013185324288645	0.00130540061794074	1.62927867233405e-06	0.00137807835747211	0.00140317553928195	2.841441955859e-06
6701	0.0013111579174476	0.00121854788925577	1.39075160169323e-06	0.00138229479609375	0.00141829145069837	2.96729455319942e-06	0.00132918695791408	0.00138803514585236	2.37187217100406e-06	0.00131771236372662	0.00130447794818637	1.45337448643155e-06	0.00137748713126663	0.00140234004083838	2.73861064276535e-06
6801	0.00131035852188034	0.00121794283019563	1.27907418670898e-06	0.00138128634142183	0.00141770727989913	2.61630386754196e-06	0.0013281187505038	0.00138710831976225	2.11693720475583e-06	0.00131707096892325	0.00130385703739773	1.39063418184653e-06	0.00137663037428551	0.00140169838875878	2.45411578692768e-06
6901	0.00130943852586136	0.00121738396281769	1.13178385103137e-06	0.00138036172056963	0.00141685074718764	2.42630797246643e-06	0.00132739196177084	0.00138625853205422	1.8828953934551e-06	0.00131645594362826	0.0013030250129293	1.24697011680452e-06	0.00137591420346978	0.00140094721907487	2.39982772526079e-06
7001	0.00130856223573898	0.001216816149512	1.11976216134234e-06	0.00137938395376639	0.00141617070767296	2.37808194388186e-06	0.00132654903856474	0.00138536006914085	1.80041731649999e-06	0.00131571161697261	0.00130223358893568	1.15166210755811e-06	0.00137501026779457	0.0013998545942252	2.37762939138866e-06
7101	0.00130786112494664	0.00121622385341891	1.02911908123814e-06	0.00137848374478598	0.0014155069077338	2.2528170291665e-06	0.00132588288490766	0.00138453396219232	1.83823260572768e-06	0.0013149735866505	0.0013015402051994	1.14164227234036e-06	0.00137405422044614	0.00139916436714032	2.05681558245694e-06
7201	0.00130706012570609	0.00121539951287331	9.56472027739885e-07	0.00137764023945905	0.0014146987733451	2.12013709578851e-06	0.00132520234634206	0.00138375763870466	1.74201900307697e-06	0.00131436341934341	0.00130068216117137	9.91618035990299e-07	0.00137305953357214	0.00139836409170659	2.0329624944725e-06
7301	0.00130631393981233	0.00121468468029724	8.96231213662351e-07	0.00137681724585658	0.00141392873778088	2.00525827195807e-06	0.00132432892057135	0.00138300184984658	1.54965212923637e-06	0.00131369065719979	0.00129971613650723	1.00327642860165e-06	0.00137234760309655	0.0013975275248097	1.83090235601006e-06
7401	0.00130566348233543	0.00121375380708861	8.33898267236944e-07	0.00137552651553958	0.00141302226059549	1.8009673190431e-06	0.00132343413687554	0.0013818174071581	1.38599564999977e-06	0.00131292273091657	0.00129898412006792	9.32333361524734e-07	0.00137143560317864	0.00139657961558185	1.7713641578065e-06
7501	0.00130507993267901	0.00121319474685054	7.87921699585754e-07	0.00137466890893029	0.00141205986285818	1.75070898679503e-06	0.00132245396065674	0.00138102794698665	1.32706511588657e-06	0.00131203649352776	0.00129810332201829	8.54919923975777e-07	0.00137053630413534	0.00139572640799681	1.72651187433987e-06
7601	0.00130428918116154	0.00121271853221055	7.03078355622688e-07	0.00137390639867603	0.00141103020483484	1.69921225203623e-06	0.00132167048788216	0.00138032560778882	1.28497664651821e-06	0.00131117827947133	0.00129751759153857	8.30896103779863e-07	0.00136967365139167	0.00139481047828239	1.69596469733253e-06
7701	0.00130364300588877	0.00121208086439315	6.4760621643142e-07	0.00137289880743081	0.00141015443327083	1.62619542322004e-06	0.00132076471718774	0.0013793997150217	1.22937602463834e-06	0.0013101675534952	0.00129690301403398	7.65972698604248e-07	0.00136895210483127	0.00139417020489049	1.55288437430265e-06
7801	0.00130268389774659	0.00121167225565681	5.84709643698574e-07	0.00137197699027762	0.00140936070206906	1.52169618045113e-06	0.00131993979629477	0.00137855353764944	1.12096958862499e-06	0.0013093634258441	0.00129628071164713	6.9609131342585e-07	0.00136820217263035	0.00139327883843635	1.39661867024155e-06
7901	0.00130187275562497	0.00121110092631867	5.44718125353822e-07	0.00137110300636689	0.00140863019274624	1.47511102010167e-06	0.00131892519956443	0.00137774897454695	1.06209468823846e-06	0.00130853236598978	0.00129547396460959	6.66494588776498e-07	0.00136740834565356	0.0013925157562887	1.29365673582579e-06
8001	0.00130105578836958	0.00121041097332253	5.03864196918685e-07	0.00137012917580707	0.00140802180708721	1.26722546948446e-06	0.00131789321268374	0.00137685245555115	9.81724739614174e-07	0.00130786246705776	0.00129489615253995	6.62141447268513e-07	0.00136652876270738	0.00139190146263006	1.26042649578525e-06
8101	0.00130008613583065	0.0012097173070272	4.30697010873597e-07	0.00136931378645	0.00140726795319501	1.24206758579328e-06	0.00131687102498631	0.00137610282254844	9.02193470220487e-07	0.00130722389418098	0.00129427523249114	5.81168763803975e-07	0.00136560547439665	0.00139109962127926	1.19784675957607e-06
8201	0.00129919590461023	0.00120905281601482	4.22755862471235e-07	0.00136826397126643	0.00140658637807227	1.15977080544028e-06	0.00131589158145277	0.00137513779430917	8.56867313192929e-07	0.00130658085147704	0.00129339222454871	5.65966511754423e-07	0.00136482075854138	0.00139029222725424	1.07507095206924e-06
8301	0.00129851791910219	0.00120848721743592	4.01661605092203e-07	0.00136749728647481	0.0014056914333174	1.11410990832523e-06	0.00131495032216549	0.00137443448900643	7.83201012003503e-07	0.00130591596946196	0.0012926692040843	5.4906262883543e-07	0.001364363132833	0.00138943826654387	1.06663052040933e-06
8401	0.00129798246294642	0.00120784159805551	3.79693776786521e-07	0.00136640269785126	0.00140497857835204	1.0827628945682e-06	0.00131394339818394	0.00137342964406865	7.00338749963442e-07	0.00130513069064813	0.00129180696698103	5.36231403039917e-07	0.00136379730912111	0.00138868804255963	9.59575151586637e-07
8501	0.00129727550234058	0.0012072428698359	3.50152191622732e-07	0.00136543942571085	0.00140431015144569	1.02650775456389e-06	0.00131278404671864	0.00137253727743098	6.40586745340996e-07	0.00130430089281692	0.00129110141500881	5.0777467721753e-07	0.00136278301017456	0.00138786923449089	8.69204822032818e-07
8601	0.00129661485002411	0.00120672509005032	3.37427215960431e-07	0.00136425060245319	0.00140342046987514	1.02141299591988e-06	0.00131173814946556	0.0013714419115193	6.36460626550834e-07	0.00130353093219207	0.00129017480706144	4.9883723230727e-07	0.00136194641198364	0.00138700453443866	8.71611082861407e-07
8701	0.00129584135207756	0.00120601599309643	3.29975856392626e-07	0.00136324212480774	0.00140264032108277	8.68748293140007e-07	0.00131111142786227	0.0013705115898332	6.09721698847052e-07	0.00130261576779842	0.00128927394311532	4.6190030377094e-07	0.00136095234022035	0.00138614530971794	7.76714154497223e-07
8801	0.00129529198202177	0.00120532791237898	2.82483742836946e-07	0.00136224052215036	0.00140190201094088	7.78381870919739e-07	0.00131015597034318	0.0013695898632846	5.80119907019524e-07	0.00130199680993682	0.00128852301706292	4.2636856805744e-07	0.00135999683768722	0.0013854446638991	7.40831579534221e-07
8901	0.00129431607365208	0.00120479059708157	2.63392125437188e-07	0.00136144995640045	0.00140098536325366	7.58292824629448e-07	0.0013091453788853	0.00136886036188368	5.640060413716e-07	0.00130113126297538	0.00128790051003075	3.69795928441368e-07	0.00135921456744828	0.00138474737824036	6.9492778556684e-07
9001	0.00129381228184071	0.0012040346313488	2.58913239973623e-07	0.0013606355754093	0.00140016667020157	6.80079391510592e-07	0.00130828355596659	0.00136811069263694	5.00448942283083e-07	0.0013005330440942	0.00128721221948975	3.4417775427224e-07	0.00135835964833162	0.00138398945655777	6.63450655662195e-07
9101	0.00129292434854716	0.00120315483054418	2.39341215620428e-07	0.00135977491950519	0.00139948951072107	6.61105599364904e-07	0.00130760622268197	0.00136731817944087	4.58209033934643e-07	0.00129967261490531	0.00128651469666179	3.19328108236172e-07	0.00135748792737841	0.0013830889319184	6.33124024149209e-07
9201	0.00129201299062339	0.00120250991741973	2.27680786037992e-07	0.00135902592566848	0.00139861792253106	6.05847290125479e-07	0.00130684377505922	0.00136662610436203	4.14078402074873e-07	0.00129896536646299	0.00128580414645406	2.89763658395273e-07	0.00135662803121406	0.0013822974005734	5.93568433565163e-07
9301	0.00129089696805368	0.00120178122373439	2.18031773324184e-07	0.00135822507893875	0.00139779676648351	5.91655399304832e-07	0.00130587716639076	0.00136588718150897	3.86826258778638e-07	0.00129810575613055	0.0012852647346369	2.84142455501724e-07	0.00135560818504082	0.00138156497155085	5.5079654803779e-07
9401	0.001290263709783	0.00120079195771675	2.0643634709996e-07	0.00135738251400111	0.00139707806344632	5.65540258514139e-07	0.0013049512609595	0.00136510873605375	3.57507797634722e-07	0.0012973745299235	0.00128473646212163	2.76522642634433e-07	0.00135468113439591	0.00138087260817823	5.32682610114064e-07
9501	0.0012895984911779	0.00120001105066297	1.85228519625937e-07	0.00135649350234275	0.00139623272652706	5.1187396640158e-07	0.00130413704096077	0.00136428612158939	3.35985475401535e-07	0.0012963724278325	0.00128409996509855	2.62699469284115e-07	0.00135395859784088	0.00138011414282411	4.87737577203352e-07
9601	0.00128872103282845	0.00119931211489126	1.67844195702704e-07	0.00135577041253125	0.00139549548895691	4.80461165240404e-07	0.00130325848717206	0.00136361849723207	3.18254957127832e-07	0.00129570258005835	0.00128321467149814	2.41845691067107e-07	0.00135298771656094	0.00137960446808173	4.61515809115678e-07
9701	0.00128789258649277	0.00119873281910852	1.57754159093104e-07	0.00135471755736529	0.00139472993892349	4.82793780120603e-07	0.00130235921296914	0.0013626468677853	3.12613290175003e-07	0.00129481961071763	0.00128241836201782	2.29757636026009e-07	0.00135220125731847	0.00137881586927163	4.53136947241731e-07
9801	0.00128722756845416	0.00119804071325431	1.57819916277213e-07	0.00135383774874794	0.00139389546428239	4.58021015541814e-07	0.00130164682329582	0.00136183347476925	2.89500241785514e-07	0.00129406603114397	0.00128170663861049	2.04965975835751e-07	0.00135146265203977	0.00137806381345034	4.22240912979272e-07
9901	0.00128630530740561	0.00119728409820874	1.40841649052151e-07	0.00135298486574433	0.00139312812361121	4.17944473650383e-07	0.00130080395438219	0.00136104443623151	2.67493646450482e-07	0.00129335996099821	0.00128104038611862	1.87892594165038e-07	0.00135079698191637	0.00137718449208079	4.05666314505849e-07
10001	0.00128571491104203	0.00119667561933261	1.3163037789778e-07	0.00135202478879466	0.00139241875471476	3.94298649120866e-07	0.00129995429509363	0.00136015800309848	2.5676256059663e-07	0.00129260255688005	0.00128033213348911	1.90943713550854e-07	0.00134997260356108	0.00137627804329882	3.76755181840581e-07
10101	0.00128512817588332	0.00119609732942411	1.17224631667012e-07	0.00135110617640923	0.00139171338174823	3.64699953800602e-07	0.00129895772665577	0.00135930690295791	2.35873552150572e-07	0.00129174787420495	0.00127961083307858	1.69269761242918e-07	0.00134913668796531	0.00137537471645377	3.5540722033241e-07
10201	0.00128442928641412	0.00119539584982454	1.04260704045594e-07	0.00135022889794677	0.0013909813953554	3.56123486313816e-07	0.00129806886667476	0.00135849798839203	2.24998184343887e-07	0.00129093740783424	0.00127885907921544	1.65223025208665e-07	0.00134811251542549	0.00137458420452759	3.35787767936553e-07
10301	0.00128366525904426	0.0011947511127972	9.74673744723553e-08	0.00134940450931013	0.00139026162531099	3.31601346306724e-07	0.00129713514856135	0.00135773862946568	2.2068393322131e-07	0.00129022413902825	0.00127804968238385	1.59804031713923e-07	0.00134736478852715	0.00137392107350374	3.16337125364957e-07
10401	0.00128304269348816	0.00119415373628866	9.16721805225145e-08	0.00134837966897926	0.00138963472087695	3.05342284335331e-07	0.00129613994369485	0.00135679134495195	2.01858366341095e-07	0.00128928434087839	0.00127742778043564	1.46742161138265e-07	0.00134667792395525	0.00137303467793911	2.69384360324555e-07
10501	0.00128218082359435	0.00119340873271848	9.14065956887852e-08	0.00134722337837703	0.00138871718129878	3.00999569400569e-07	0.0012953397314437	0.00135572220247585	1.9135043112869e-07	0.0012885553230703	0.001276718777631	1.43291030377918e-07	0.00134594740269121	0.00137237702917116	2.62892295204959e-07
10601	0.0012813903536913	0.00119281307259509	8.46535658347721e-08	0.00134623281546567	0.0013880462003947	2.65297637130119e-07	0.00129460954547068	0.00135480542327168	1.61626429716139e-07	0.00128776215347034	0.00127605966954705	1.27339218189758e-07	0.0013450443780861	0.00137160322403422	2.30119207039111e-07
10701	0.00128055086460599	0.00119212547417003	8.24233554082674e-08	0.00134501490808963	0.00138716563936432	2.58258274325342e-07	0.00129367091245341	0.00135367914641475	1.64953113919205e-07	0.0012871149815025	0.00127545179530538	1.14666610842056e-07	0.00134409515163121	0.00137105082754904	2.10923450622746e-07
10801	0.00127965371689945	0.0011914690815323	7.33098937985476e-08	0.00134418440188612	0.00138628894371169	2.56778586865413e-07	0.00129296385156142	0.00135290963116115	1.52351867757895e-07	0.00128644188918233	0.00127480991409275	1.17610294243635e-07	0.00134332292673636	0.00137052476160114	2.04048349848677e-07
10901	0.00127888453088474	0.00119068219172621	7.24341475971325e-08	0.00134336198672822	0.00138557072971814	2.27623540197499e-07	0.00129210026377799	0.00135214629787873	1.40362930867145e-07	0.00128580390073321	0.00127406257883904	1.12762654550447e-07	0.00134263887416819	0.00136959500032677	1.97583881777059e-07
11001	0.00127805558117584	0.00118998243023621	6.76847227327312e-08	0.00134251648159998	0.00138472052340826	2.19121399768566e-07	0.00129132011496094	0.00135136349985694	1.35927901153306e-07	0.00128502747978792	0.00127342470394499	1.00406680659603e-07	0.0013419033890996	0.00136882923760918	1.76981205653535e-07
11101	0.00127741430364448	0.00118951576445228	6.19629552987007e-08	0.00134171908755741	0.00138384503254022	2.10016330633663e-07	0.00129057886300597	0.00135062600320511	1.29675024783151e-07	0.00128441031153945	0.00127255568809744	9.26417172201182e-08	0.00134115199150894	0.00136795719253671	1.66591365582742e-07
11201	0.00127659392438267	0.00118892140645681	5.99713029844577e-08	0.00134065067491187	0.00138307297242438	1.90213701324445e-07	0.00128975725873904	0.00134963731806768	1.30473009674996e-07	0.00128378477013503	0.00127177664946793	8.81213152068397e-08	0.00134036299611977	0.00136711651448919	1.59936189100933e-07
11301	0.00127566750512879	0.00118839407942533	5.71998976636756e-08	0.00133964422941898	0.00138217846182643	1.78236855041337e-07	0.00128889650230409	0.00134870614199439	1.19926853340089e-07	0.0012830355505962	0.00127100735298884	8.53849835188006e-08	0.00133964223469084	0.00136631285256202	1.59510110666365e-07
11401	0.00127503013976801	0.00118765121529728	5.00507621421256e-08	0.00133898597073347	0.00138124490277562	1.70775216268515e-07	0.00128811439862738	0.00134794494202321	1.13704723686216e-07	0.00128235081312018	0.00127039276330441	8.26159977714166e-08	0.00133881831207325	0.00136552832345873	1.39124442995219e-07
11501	0.00127414353181115	0.00118694406270987	5.10024007607252e-08	0.00133816644736649	0.00138042093118196	1.56484449503139e-07	0.00128725089180288	0.00134728953336209	1.10952813957049e-07	0.00128171118325418	0.00126980356847446	7.73742531014657e-08	0.00133811330131502	0.00136462756723816	1.26190256845363e-07
11601	0.00127335722183214	0.00118630973275319	4.66448698400363e-08	0.00133756829382896	0.00137957930032623	1.41598060630325e-07	0.00128627169670807	0.00134659286056998	1.03483084711683e-07	0.00128106350818712	0.00126892287152515	7.34552926461624e-08	0.00133736386715793	0.00136391508559839	1.22076978670929e-07
11701	0.00127251705019477	0.00118569737167685	4.41979380598202e-08	0.00133705137865408	0.00137881098916371	1.3872190122458e-07	0.00128536417414726	0.00134596396724647	9.91678391341135e-08	0.00128027623861531	0.00126846989705012	6.85804181496304e-08	0.00133668588977657	0.00136296027545757	1.16488519605478e-07
11801	0.00127168949209805	0.00118515213673577	4.1139069448012e-08	0.00133608544872731	0.0013780005189397	1.29246008710698e-07	0.0012844081035272	0.00134500929780115	8.79079247712942e-08	0.00127957102011513	0.00126770311013335	6.1296029507309e-08	0.00133565778331607	0.00136230463572044	1.08244363613133e-07
11901	0.00127089931374224	0.00118447170429247	3.69810075832721e-08	0.00133537407447842	0.00137713051033686	1.21346472147826e-07	0.00128352579845117	0.00134432775399982	8.0467816090642e-08	0.00127861376556358	0.00126705403228874	5.86146033514063e-08	0.00133492252408138	0.00136175976469412	1.07093703010756e-07
12001	0.00127016271168853	0.00118379733655128	3.55948402904274e-08	0.00133453353132352	0.00137626754314969	1.09310605942499e-07	0.00128254231811783	0.00134342864260264	7.59412392850639e-08	0.00127794461496783	0.00126627805842221	5.57870042942767e-08	0.00133395752698669	0.00136097586912265	1.02307552806943e-07
12101	0.0012693272900543	0.00118314701858473	3.34990373239744e-08	0.00133384308844286	0.00137542573145117	1.07924390106461e-07	0.00128176122278707	0.00134261750753936	7.08198812581584e-08	0.00127715217026722	0.00126540281657196	4.83921418403366e-08	0.00133307936368361	0.00136038019240648	9.63021435305183e-08
12201	0.00126853774793782	0.00118236304979303	2.81924802397175e-08	0.00133306995038646	0.00137469811447912	9.84472491919708e-08	0.00128085552031211	0.00134178948687031	6.89632460831484e-08	0.00127643253855835	0.0012646673523787	4.86463632805381e-08	0.00133218734118106	0.00135963083975281	8.70117559907987e-08
12301	0.00126774436971189	0.001181655185466	2.74114057546534e-08	0.00133232462102076	0.00137386109238112	9.31412837249285e-08	0.00128006825695158	0.00134100452854125	6.42526463747082e-08	0.00127580721648621	0.00126396863538211	4.60335004419545e-08	0.00133133991253139	0.00135912450571096	8.16095958593941e-08
12401	0.00126711019263517	0.00118084664030021	2.53535222784983e-08	0.00133169857301325	0.00137312792024889	9.02077305653982e-08	0.00127928007700374	0.00134013068437322	6.13461678730473e-08	0.00127510815036486	0.00126321816462377	4.33693253567837e-08	0.00133040191263163	0.00135829619974108	7.8550952828686e-08
12501	0.00126629597059043	0.00118004527133647	2.36776556504122e-08	0.00133112672017765	0.00137235637084603	9.00246957704034e-08	0.00127871669164438	0.00133921861032263	5.67094522196953e-08	0.00127443397993772	0.00126248260201165	3.93840686253511e-08	0.00132941940808579	0.00135753786088743	7.26015354729586e-08
12601	0.00126535864752244	0.0011795096622209	2.08997069522741e-08	0.00133047103687896	0.00137165880396673	8.47462593222039e-08	0.00127787171619505	0.0013383118217576	5.43661048255848e-08	0.00127352862941401	0.00126177299443095	3.73558560307369e-08	0.00132844209072033	0.00135686739434745	7.20683820009188e-08
12701	0.00126486084203371	0.00117884898327701	2.02646971352277e-08	0.00132967969596007	0.00137098582031227	7.58240835492582e-08	0.00127710319743359	0.00133751502352537	5.23226413861977e-08	0.00127281948700648	0.00126084742738761	3.64946351731172e-08	0.00132758352290493	0.00135604468229502	6.0699016490473e-08
12801	0.0012643500741648	0.0011781687890652	1.94418305939859e-08	0.00132881606759019	0.00137014957463102	7.2226870737233e-08	0.00127633358218769	0.00133672781825357	4.98427340418596e-08	0.00127213173312487	0.00126017106301134	3.18575458625679e-08	0.00132673795102238	0.00135540752978457	5.89241665020345e-08
12901	0.00126334491301281	0.00117753125307426	1.75892363812094e-08	0.00132820546676916	0.00136927956012986	6.77059727453207e-08	0.00127566643543522	0.00133602610711045	4.68620904302536e-08	0.00127136950747805	0.00125946893557413	2.86727732725575e-08	0.00132598752382164	0.00135474112271385	5.94535876711494e-08
13001	0.00126256068552953	0.00117667608527679	1.60514725918866e-08	0.00132742257412211	0.00136851935173817	6.58931038481486e-08	0.00127497382744607	0.00133523943560633	4.0729546211387e-08	0.0012706101703348	0.00125867083496441	2.83433344203624e-08	0.00132513593733007	0.00135405167772766	5.52176060839258e-08
13101	0.00126176208006517	0.00117594440219354	1.440934156509e-08	0.0013268397994435	0.0013678989060452	6.06134821279299e-08	0.00127419179281972	0.00133456815159298	3.78294591484052e-08	0.00126973932192971	0.00125791057368794	2.68710620964174e-08	0.00132441594009789	0.00135309975424299	5.06599591857626e-08
13201	0.00126112095574859	0.00117532837936601	1.37816112878199e-08	0.00132612763391145	0.00136707069594985	5.43824352728582e-08	0.00127342883658909	0.00133388823359726	3.54895209617274e-08	0.00126906728812245	0.00125714864667473	2.50910991503528e-08	0.00132368477287015	0.00135225919823917	4.9364735179291e-08
13301	0.00126029341935798	0.00117454853696599	1.28764902333489e-08	0.00132526032295687	0.00136629737787216	4.99299040304697e-08	0.00127260917171455	0.00133305918809451	3.22269765978295e-08	0.00126840155172356	0.00125656968239114	2.50712328760882e-08	0.00132279528877378	0.00135141654935151	4.77993169585211e-08
13401	0.0012596901933609	0.00117399884357011	1.20321239559996e-08	0.00132450442039265	0.00136549211678335	4.5486269887626e-08	0.00127149648602029	0.00133208406540413	2.98682703883498e-08	0.00126753559000309	0.00125581625222752	2.30591518070332e-08	0.00132174249297564	0.0013504393501155	4.47169238650295e-08
13501	0.00125891452271962	0.00117340126161737	1.07141789267387e-08	0.00132372397115063	0.00136483199566077	4.51394882801646e-08	0.0012709239325097	0.00133139697104148	2.7049150221938e-08	0.00126668889291389	0.00125504104774135	2.09180724007769e-08	0.00132100583890705	0.0013497656573389	4.14782952928538e-08
13601	0.00125807915403098	0.00117259944604998	1.01469413402996e-08	0.00132286487132564	0.00136390722218165	4.24521570319164e-08	0.00127006846344228	0.00133064085895146	2.54462125554167e-08	0.00126577476643464	0.00125441466098693	2.08515433468485e-08	0.00132019691868984	0.0013492204648444	3.74792362311496e-08
13701	0.00125706657816521	0.00117201946230355	9.14080073444014e-09	0.00132215395350741	0.00136316919314178	4.16604496753202e-08	0.00126879358058182	0.00132974655664516	2.44526110639163e-08	0.00126490785822402	0.00125380834379521	1.90282677554653e-08	0.00131923410887694	0.00134848975904234	3.6445119506961e-08
13801	0.00125633808122253	0.00117141957063837	8.6602129961399e-09	0.00132139641657107	0.00136225022728064	3.75100052007289e-08	0.00126792220846065	0.00132919194447127	2.39860900868781e-08	0.00126422566578604	0.00125312277817898	1.88341245789764e-08	0.00131863909356152	0.0013475580698655	3.48818204325105e-08
13901	0.00125542939565618	0.00117091524956771	8.90278915049524e-09	0.00132078302462744	0.0013612623022447	3.50328918918603e-08	0.0012671015632646	0.00132844850351297	2.250168758775e-08	0.00126347005955863	0.0012524256000035	1.79076585090475e-08	0.00131784157334325	0.00134676076154761	3.31704487625818e-08
14001	0.00125441739992339	0.00117003401778598	7.80961253945785e-09	0.00132016130871563	0.00136054833677972	3.30097868149451e-08	0.00126617257871887	0.00132776681912719	2.04623792345975e-08	0.00126277800539412	0.00125163924961662	1.61507654639067e-08	0.00131710845313382	0.00134588778989382	3.18419649791489e-08
14101	0.00125366270586526	0.00116930636277156	7.49778726786863e-09	0.00131943785934368	0.00135966799641024	3.12821424319857e-08	0.0012653747722954	0.00132688652421679	2.00260378002877e-08	0.00126199745159688	0.00125088949584746	1.54032130895615e-08	0.00131616263125982	0.00134516906677809	3.09465811404441e-08
14201	0.00125301188500496	0.00116867573709654	7.31973440265927e-09	0.00131867989971555	0.00135899915009559	2.99553972567448e-08	0.0012646743498086	0.00132611302558247	1.85240988601101e-08	0.00126114131244744	0.00125007695581107	1.41108510347596e-08	0.00131533460770391	0.00134417427136712	2.75585017203262e-08
14301	0.00125228001134357	0.00116797409024161	6.6585887235822e-09	0.00131784618897111	0.00135831594638201	2.90500977270451e-08	0.00126390308147986	0.00132536457403676	1.85955745051708e-08	0.0012604059564374	0.00124952874307935	1.33351912346234e-08	0.00131453508170707	0.00134345797434574	2.51216416011217e-08
14401	0.00125151573166769	0.00116723833652904	6.21547201771775e-09	0.0013169377410366	0.00135749658026755	2.90535820593814e-08	0.00126314897597821	0.00132458776344585	1.72786832145713e-08	0.00125955780161501	0.0012487993131837	1.29378975353671e-08	0.00131370508595877	0.00134259401224028	2.326669359841e-08
14501	0.00125092554831982	0.00116660173438856	6.12649913778723e-09	0.0013162868141397	0.00135656441860029	2.62292822631394e-08	0.0012623592703632	0.00132389293361469	1.66659576300373e-08	0.00125899693015305	0.00124810138224072	1.27233804773894e-08	0.00131295887711396	0.0013418583427907	2.29108316130396e-08
14601	0.0012503145439574	0.00116595998644355	5.96370219269857e-09	0.00131543261402774	0.00135581120605198	2.51376416213905e-08	0.00126131114432118	0.00132323423711317	1.55414807165766e-08	0.00125827340394752	0.00124738384025158	1.22050823782694e-08	0.00131225361320177	0.00134113904922836	2.09135698515224e-08
14701	0.00124961886474583	0.00116540119896949	5.30867695301898e-09	0.00131465358614398	0.00135495422505689	2.37116597136097e-08	0.00126076922840409	0.00132267670030011	1.44824198769026e-08	0.00125748454814606	0.00124669772615735	1.1889633145027e-08	0.00131165703622686	0.00134018052335584	2.00550390731526e-08
14801	0.00124892042020313	0.00116487685931716	4.8678438948568e-09	0.00131383426120533	0.00135405686119667	2.26073507363173e-08	0.00125992586929442	0.00132208556679599	1.34753309308509e-08	0.00125668603214248	0.00124596761776548	1.1219832499664e-08	0.00131102292699982	0.00133941283763962	1.79774245502614e-08
14901	0.0012480947625165	0.00116429873728827	4.68741246991611e-09	0.0013129314559326	0.00135330366456299	2.20642942789286e-08	0.00125925567610618	0.00132140837409236	1.29034096768252e-08	0.00125598961302353	0.00124505321404978	9.91428225842478e-09	0.00131029941215666	0.00133876834777634	1.75072552804094e-08
15001	0.00124731497838583	0.00116353326521212	4.24163291659271e-09	0.00131215644760983	0.0013524851613906	2.07073692285683e-08	0.00125825858822149	0.00132068847650278	1.19204217637616e-08	0.00125534183567334	0.0012440377045459	9.26310529800872e-09	0.00130953124043691	0.00133804308844172	1.60204371260381e-08
15101	0.00124653859861807	0.00116289843706053	3.9913995788087e-09	0.00131145167504202	0.00135183048807397	2.02698390418203e-08	0.00125751601416722	0.00131977118355707	1.10373193361558e-08	0.00125469375929064	0.00124346749111763	8.87954367272782e-09	0.00130854507735245	0.00133725853422285	1.56481544766685e-08
15201	0.00124582812503822	0.00116214082489504	3.73791270612558e-09	0.00131067531739326	0.00135103644958683	1.83537305651654e-08	0.00125675369024611	0.00131898370432176	1.02962639684604e-08	0.00125397930039098	0.00124288053417042	8.49483342353481e-09	0.00130770126474117	0.0013365838294129	1.42114871558481e-08
15301	0.00124511570062005	0.00116160570290446	3.34045526453725e-09	0.00131010064656321	0.00135009866501277	1.71028137518479e-08	0.00125586252811846	0.00131793252180195	1.03400605559094e-08	0.00125335611476264	0.00124213286536774	7.89518174821618e-09	0.00130657624643397	0.00133594616872348	1.41870391620568e-08
15401	0.00124441722846028	0.00116083394519217	3.10789453937094e-09	0.00130923597609693	0.0013494254082338	1.74986862886087e-08	0.00125491572238499	0.00131703692729778	9.8924072443236e-09	0.0012527422909163	0.0012415252168663	7.11793252086215e-09	0.00130561544659867	0.00133520876253953	1.29878251354015e-08
15501	0.00124372091092916	0.0011602520242626	3.12628510450298e-09	0.00130850824179245	0.0013484388126097	1.64655115028681e-08	0.00125393701538122	0.00131616582767693	9.48256501877969e-09	0.00125210466496651	0.00124083616368217	6.96137004588336e-09	0.00130468406437972	0.00133428575077274	1.18760965313806e-08
15601	0.00124319193820223	0.00115957427969883	2.79579170547325e-09	0.00130766864321051	0.00134767029022689	1.67134653356809e-08	0.00125315983286219	0.00131524858788588	8.88734970212553e-09	0.00125134638699285	0.00123993414489884	6.7183246369551e-09	0.00130369920849684	0.00133347465982122	1.10736439265343e-08
15701	0.00124224766889798	0.00115911692274302	2.71583161495651e-09	0.00130695665015442	0.00134701483810956	1.48598877731162e-08	0.00125240764307867	0.00131450186620492	8.3437071165284e-09	0.00125060229860042	0.00123942542827471	6.26664645565611e-09	0.00130290146637644	0.00133265754875115	1.07992703790019e-08
15801	0.00124172956231608	0.00115858859294611	2.55004221934566e-09	0.00130621823188663	0.00134640971181645	1.43180326695344e-08	0.00125153368711392	0.00131368748153676	8.09306633371055e-09	0.00124974058659215	0.00123868198908382	6.03442651488151e-09	0.00130203316744517	0.00133188592513697	9.23177092297148e-09
15901	0.00124100188668203	0.00115786182991044	2.34192061942672e-09	0.0013055699542393	0.00134567499352658	1.35285487388503e-08	0.00125055489625807	0.00131285346552804	7.9491709919514e-09	0.00124890585347996	0.00123798671045874	5.60937091142605e-09	0.00130113992788658	0.00133098696898563	9.4259189757623e-09
16001	0.0012402659206101	0.00115715836207897	2.3324463930201e-09	0.00130479623803881	0.00134480070418544	1.23802411747143e-08	0.00124971533311755	0.00131212545467059	6.98127104532546e-09	0.00124789211726705	0.00123732695753625	4.90882052132637e-09	0.00130036348677602	0.00133015028096409	8.65679813176821e-09
16101	0.0012394491334619	0.00115666113525839	2.10195191987531e-09	0.00130390827328048	0.00134390975277638	1.17250279694782e-08	0.00124886857645131	0.00131137608095337	6.48427590331278e-09	0.00124730353252889	0.00123664414561556	4.63505167571025e-09	0.00129956535005457	0.00132929383389144	8.23093078631896e-09
16201	0.00123861518411271	0.00115599082003827	1.97741607591306e-09	0.00130304431058265	0.00134285993816427	1.13748815453621e-08	0.001248083065602	0.00131054685474426	6.29250644102681e-09	0.00124655195193921	0.00123593658141038	4.71627779888689e-09	0.00129867422782599	0.00132865070660236	7.69310664814349e-09
16301	0.00123796414192736	0.00115553106994785	1.82404625946263e-09	0.00130229098241581	0.00134216766750387	1.0968464902548e-08	0.00124734583195474	0.001309832583246	6.0209647808323e-09	0.00124568029804857	0.00123523214249816	4.39514321948364e-09	0.0012979111443638	0.00132781611504651	7.18912114127396e-09
16401	0.001237343014396	0.00115478622956266	1.65279795120745e-09	0.00130159240084238	0.00134145125822507	1.01599748445582e-08	0.00124652712635597	0.00130907756629627	5.28177490859147e-09	0.00124479564057416	0.00123468415271713	4.10842615635936e-09	0.00129710638054761	0.00132716135049358	6.79738272382736e-09
16501	0.00123659019586896	0.00115416386572067	1.63350951516504e-09	0.00130099343349647	0.00134065828430664	9.60713322645237e-09	0.00124574445078324	0.00130821419534073	5.27486663098708e-09	0.00124388098117379	0.00123411243145218	3.8301633049805e-09	0.00129618568270825	0.00132648937788538	6.9646040849754e-09
16601	0.00123581810299404	0.00115365333196367	1.48670613440104e-09	0.00130025334040641	0.00133984004189581	9.13648405057819e-09	0.00124497697806997	0.00130736588713657	4.87689054138931e-09	0.00124307411625137	0.00123314852436274	3.88358731108584e-09	0.00129528029209996	0.0013257712598246	6.58782006821085e-09
16701	0.00123511720973568	0.00115286518619726	1.46326719787053e-09	0.00129953462383525	0.00133907738619724	8.96488168670549e-09	0.00124408628158361	0.00130649355766501	4.55251647909793e-09	0.00124224640760907	0.00123232457650502	3.73159610238483e-09	0.00129434642619279	0.00132506484570113	6.4788183632674e-09
16801	0.0012343150362025	0.00115230371098312	1.3882949216241e-09	0.00129874100844803	0.00133828226185023	8.22347027475847e-09	0.0012432725993345	0.00130569204726235	4.45798473112268e-09	0.00124148206002466	0.00123153443616446	3.19272925925517e-09	0.0012934925364453	0.00132441068256528	6.03794128651406e-09
16901	0.00123373883215313	0.00115170374313458	1.28131077892105e-09	0.00129795887369559	0.00133746662776649	7.66992703212026e-09	0.00124240619697519	0.00130489949406665	4.33810399899553e-09	0.00124070641318712	0.00123054617855495	3.12855589686363e-09	0.00129264335093236	0.00132343205182436	5.51677052849824e-09
17001	0.00123285666477634	0.00115107625707254	1.19660410497003e-09	0.00129719604822512	0.00133642125274028	6.98704864915296e-09	0.0012415568433486	0.00130401722929028	4.04265180803306e-09	0.00123962043097649	0.00122992419753059	3.10116768314278e-09	0.00129170037497829	0.00132267871903283	4.7897080353118e-09
17101	0.00123196078274529	0.00115055051509859	1.18654243727784e-09	0.00129639498357114	0.00133559304360429	6.49687374111796e-09	0.00124091553992884	0.00130316656241537	3.64980989474517e-09	0.00123878550044096	0.00122937360217145	2.91719041329364e-09	0.00129078938403507	0.00132197199260011	4.73197898604548e-09
17201	0.00123105384847862	0.00114975925636157	1.12161402436896e-09	0.00129547058675265	0.00133464695591715	6.20722131748465e-09	0.00124015807457462	0.00130233864553372	3.53808049291789e-09	0.00123801163085104	0.00122853591994275	2.67620279082082e-09	0.00128990733790375	0.00132120691969215	4.3203326754745e-09
17301	0.00123036736706523	0.00114914495389555	1.07368139404547e-09	0.00129458898588487	0.00133378199608674	6.14799398719881e-09	0.00123947807057413	0.00130153038856293	3.39682041104956e-09	0.00123741936411264	0.00122775654272819	2.46867890787192e-09	0.00128904699697934	0.00132020080167639	4.13149013836697e-09
17401	0.00122942728473921	0.00114856059217879	9.81111632007204e-10	0.00129403301898124	0.00133285647882121	5.46058167221165e-09	0.0012385900955384	0.00130064846243676	3.15256431972249e-09	0.00123651402900197	0.00122702940336112	2.42337361391188e-09	0.00128810569484742	0.0013195170649316	4.04991597702902e-09
17501	0.00122859288467783	0.00114772413852587	9.24151450193591e-10	0.0012935413705261	0.0013320842050003	5.00637301020884e-09	0.00123780275678474	0.00129996306342923	3.06163046704599e-09	0.00123581506933779	0.00122631107065375	2.38109803497184e-09	0.00128737308657175	0.00131859835378137	3.80541398468878e-09
17601	0.0012279814160221	0.00114727339786599	8.55097798432324e-10	0.00129271704726448	0.00133129038841778	4.73883878352838e-09	0.00123707974749727	0.00129897783458747	2.75413955650416e-09	0.00123508233777879	0.00122568060627137	2.45771872576013e-09	0.00128632660514965	0.00131773116942753	3.36222815240247e-09
17701	0.00122720242650101	0.00114642215125377	8.44244768004434e-10	0.00129197055925599	0.00133062487093568	4.49852784543484e-09	0.0012362134438184	0.00129836576369691	2.59555248063335e-09	0.00123445835789856	0.0012250621119937	2.36956507475228e-09	0.00128567915344626	0.00131693278978763	3.10423372012635e-09
17801	0.00122650636293486	0.00114563415922102	8.46450988067797e-10	0.00129121270178369	0.00132981672706896	4.2412565865254e-09	0.00123541349971069	0.00129765505109743	2.48412240106878e-09	0.00123362740739954	0.00122428483703764	2.29238510732968e-09	0.00128492190301267	0.00131622426278297	2.89004512090433e-09
17901	0.00122581459375827	0.00114477376397197	7.69363487637606e-10	0.00129036250954719	0.00132888308885656	3.95895056883527e-09	0.00123451946952503	0.00129698702834621	2.31867194000816e-09	0.00123267192479216	0.0012236925348528	2.23581487423351e-09	0.00128421086047974	0.00131541636579687	2.82538753375362e-09
18001	0.0012250756556692	0.00114409539418778	7.48800015279322e-10	0.00128966109395486	0.00132828724716916	3.69053512320097e-09	0.00123350685644769	0.00129618980333296	2.09261736900818e-09	0.00123197536511827	0.0012230231387437	2.047884834685e-09	0.00128336706115856	0.00131474630195258	2.70667288464537e-09
18101	0.00122432201460777	0.00114348370258017	7.0095320604091e-10	0.0012888855207874	0.00132735898971047	3.70789987273434e-09	0.00123285788446509	0.00129555669231221	2.0916726433527e-09	0.00123109979319457	0.00122226784661822	2.06752453945869e-09	0.00128269321813925	0.00131412979766642	2.43939914333177e-09
18201	0.00122356430978986	0.0011429401479015	6.89657570122437e-10	0.00128816957143664	0.00132653819372509	3.50296506907299e-09	0.00123176416417926	0.0012946679937135	1.92528025408118e-09	0.0012302653502366	0.00122153032072966	1.75932249229811e-09	0.0012817447690013	0.00131333227652456	2.28188873485916e-09
18301	0.00122271965678916	0.00114224172859814	6.47107491745443e-10	0.00128735440030635	0.00132589556514638	3.37572355586217e-09	0.00123096630106736	0.00129386624252772	1.81560927605389e-09	0.00122962888807732	0.00122096885731109	1.65224814267245e-09	0.00128089756654557	0.0013126984093353	2.19384231266994e-09
18401	0.00122185543094673	0.00114161932999644	6.42492237024808e-10	0.00128662685113101	0.00132530376585257	2.90915222440817e-09	0.00123020181192328	0.00129316844549853	1.69952814162898e-09	0.0012287502870285	0.00122022057409438	1.63226301913795e-09	0.00128015879740042	0.00131210911685072	2.02349502535329e-09
18501	0.00122130384161987	0.00114104435568278	6.2710270950724e-10	0.00128599127901847	0.00132453395891312	2.84071909551236e-09	0.00122937682316071	0.00129228902554801	1.6207737140669e-09	0.00122805504840982	0.00121956578750553	1.46806626561027e-09	0.00127922172322179	0.00131135526349932	1.90565404868978e-09
18601	0.00122059039940735	0.00114035543158538	6.10977233981331e-10	0.00128520701359639	0.00132382714893003	2.68141739694914e-09	0.00122850751809933	0.00129161496613574	1.52486001221306e-09	0.00122733700915333	0.00121856514756058	1.49582318151178e-09	0.00127850493753492	0.00131039494466101	1.88421090727577e-09
18701	0.00121969478504657	0.00113976881388324	5.98839309906454e-10	0.00128452052446203	0.00132305271059234	2.38148148054913e-09	0.0012278284036727	0.00129079368506984	1.39896496131654e-09	0.00122678542901633	0.00121783115443656	1.30252734206656e-09	0.00127763307896261	0.00130977408031853	1.81456597863757e-09
18801	0.00121915812245997	0.00113917357331605	5.93931139064682e-10	0.00128382547483762	0.0013220403083913	2.27021996304586e-09	0.00122713191183869	0.00128991297841679	1.37535202204831e-09	0.00122620591391467	0.00121721698369337	1.23346544307519e-09	0.0012766977709499	0.00130905090566199	1.73578444875115e-09
18901	0.00121851930994745	0.00113860147584589	5.77463762388868e-10	0.00128326798472983	0.00132114478505793	2.19916207085876e-09	0.00122640594537774	0.00128923778921378	1.32305014778757e-09	0.00122545721684445	0.00121649386373478	1.20364646083955e-09	0.00127597708895428	0.00130810394910452	1.64286956243019e-09
19001	0.00121781377407981	0.0011380229567136	5.76359734897949e-10	0.00128251156344734	0.00132041960486063	1.96403463382839e-09	0.00122576658003193	0.00128843349544764	1.22174263821358e-09	0.00122475370050047	0.00121572985458485	1.12669692243403e-09	0.00127512562299998	0.00130731280854787	1.57874743416116e-09
19101	0.00121709182502134	0.00113740183628261	5.76391100592611e-10	0.00128177997468147	0.00131986723615241	2.00314874986435e-09	0.00122510023706704	0.00128764155762298	1.16128011890964e-09	0.00122403791780808	0.00121494850836112	1.06772423863688e-09	0.00127428337692356	0.00130644846011781	1.46419190175768e-09
19201	0.00121645617327003	0.00113680975050521	5.82224343563001e-10	0.00128105343308184	0.001319164470554	1.76585157071891e-09	0.00122434242133349	0.00128687186530392	1.05451703774122e-09	0.00122312072322066	0.00121431222837051	1.03813896596454e-09	0.00127346370698113	0.00130592571096087	1.39416032739369e-09
19301	0.00121565499585589	0.00113624355411752	5.73529391226278e-10	0.00128026031629535	0.00131838446516204	1.76952147486747e-09	0.00122356605291289	0.00128600557119347	1.0368149261937e-09	0.0012225812510175	0.00121351088944041	1.00946631612882e-09	0.00127254441792717	0.00130517927245252	1.28104310290836e-09
19401	0.00121504293026548	0.00113551037438258	5.50827766600697e-10	0.00127966913199295	0.00131774003757843	1.58928405462341e-09	0.00122278490136941	0.00128506973868845	9.64727479743097e-10	0.00122201636573772	0.00121278781306657	9.58186563784963e-10	0.00127154632671423	0.00130440999656156	1.20080876427062e-09
19501	0.0012142808350359	0.00113486745909002	5.54309175309314e-10	0.00127892043852344	0.00131681505025742	1.57151336428237e-09	0.00122207578431005	0.00128433922852724	9.69094999552906e-10	0.00122135918140457	0.00121204743417535	9.26517963803934e-10	0.00127076904741536	0.00130370414854507	1.2176535519199e-09
19601	0.00121370092570652	0.0011344269057299	5.52604715302398e-10	0.00127820142933053	0.00131594360689189	1.51111376830954e-09	0.0012213906671877	0.00128361403166592	8.85526240950006e-10	0.00122061817120407	0.00121127648391334	8.76870406280892e-10	0.00126999622218513	0.00130289247400845	1.13229816868937e-09
19701	0.00121314692936898	0.00113386003015667	5.43045076348212e-10	0.00127747342554657	0.00131508068119709	1.48911716311458e-09	0.00122075687042822	0.00128283372038524	8.68773341608314e-10	0.00121977075667977	0.00121037579473525	8.19426715787415e-10	0.00126916695030755	0.00130203682308495	1.12639362722498e-09
19801	0.0012125679519313	0.00113309090158034	5.39519374105452e-10	0.00127688843839057	0.00131423727977597	1.44462335014677e-09	0.00121995836658543	0.00128204056763591	8.7855773221277e-10	0.00121882121974871	0.00120948403821858	8.23194679850062e-10	0.00126832602294246	0.00130137250679054	1.06146532320033e-09
19901	0.00121180086086393	0.00113259533474377	5.42751944233389e-10	0.00127605190050397	0.00131339589446548	1.37796329574415e-09	0.00121904195884501	0.00128152960587176	8.59483050262865e-10	0.00121798666428206	0.00120906477382438	7.74580736573218e-10	0.00126778302915742	0.00130081878688423	1.02658533920917e-09
