t	POCSmin	rNBKmin	NBKmin	POCSmax	rNBKmax	NBKmax	POCSmedian	rNBKmedian	NBKmedian	POCSquant25	rNBKquant25	NBKquant25	POCSquant75	rNBKquant75	NBKquant75
1	0.0219859494572143	0.0228073501799838	0.0177305016064917	0.0240530814150095	0.0261980682472454	0.0207896142807711	0.02287953746066	0.0260511789615084	0.0190891103526662	0.022672631638882	0.0240823513505366	0.0185477265196072	0.0240490350702272	0.0261300912919885	0.0196730037180091
101	0.0191706088760054	0.0216236376317311	0.0126484048775266	0.0211774928753491	0.024893426505453	0.0157757145095302	0.0203416559762333	0.0247028834229217	0.0144320632436144	0.0197370999293408	0.0227997871789513	0.0130640346591185	0.020856753936005	0.0247400651074061	0.0155272456291115
201	0.0170845709395956	0.020239162788826	0.0106149998677872	0.0192301787587259	0.0234114875654178	0.0127252333478207	0.0181925524380453	0.023158293686451	0.0111794498644081	0.0170923021816275	0.021870234365859	0.0107182083804521	0.0182574372568005	0.0232377027463573	0.0117286907512889
301	0.0144399357046242	0.0191243569266651	0.00872906776066684	0.0169802940326312	0.0219839982419532	0.00981777778341734	0.0155573576887535	0.0217571566093366	0.0088913761160388	0.0152712553301229	0.0206950593002139	0.00877673185341861	0.0161612744823704	0.0219592036814197	0.00968076499884654
401	0.0131152064902426	0.0182036517061247	0.00647748699391416	0.0156311922736812	0.0210006834436168	0.00793913448998783	0.0138657193279216	0.0204619147533944	0.00713267718290422	0.0133690452807897	0.0195177983782386	0.0067003627503462	0.014917786299175	0.0206663106471974	0.00789499738479726
501	0.0117585754577415	0.0173766808943597	0.00528300433342575	0.0140995455734148	0.019884942952968	0.00701703072031077	0.0127845315052007	0.0195278003221808	0.00564953203898588	0.0119545728428604	0.0184038159193359	0.0052879530045116	0.0132702062732638	0.0197130879217286	0.00654348845639382
601	0.0108026214742491	0.0163654194868028	0.00426446270466743	0.0128453864450721	0.0188116317256053	0.00658880079330598	0.0113130771785965	0.0182808396084048	0.00506575074140462	0.0110934293167276	0.0174747910664189	0.00478949195741179	0.0119383545840346	0.0186330808965439	0.00598302291012542
701	0.00986870728107678	0.0155985681756291	0.00374982642350177	0.0112909153619431	0.0180437284334405	0.00618893647951224	0.0104360233849361	0.0172082145655849	0.0045346781488122	0.0103384033742313	0.0166709256183873	0.00420079279749049	0.0109126867314614	0.0176921904446384	0.00566879997721782
801	0.0091993705758493	0.0147474836187151	0.00358889238983812	0.0106876215727996	0.0171235993125306	0.00474940031588051	0.00955909370364232	0.0163266291952402	0.00366260307478707	0.00954070019233555	0.0160929270099762	0.00361578457286822	0.00986404296394173	0.0169076963335389	0.00465623724051179
901	0.00867758224735423	0.0140850372334047	0.00312705935616482	0.00981833642337164	0.0161778800075254	0.00425153734213696	0.00877405723643228	0.0156395753746423	0.00328215292084841	0.00871672972712051	0.0151644285317259	0.00324457965239525	0.00916878911195902	0.0161046411166005	0.00403275441584612
1001	0.00805060848882925	0.0133872454528357	0.00265000026992893	0.0091318276443128	0.0154085810590591	0.00390306686095192	0.00816483722112057	0.014915431515565	0.00298423480444418	0.0081294082437803	0.0144047428893667	0.00274126819299053	0.00856664040152975	0.01534315581917	0.00310937738647525
1101	0.00736960321745331	0.0128791152541646	0.00235916862563837	0.00864855566200793	0.0146746762546381	0.00328141605117543	0.00753004612285614	0.0141431717225143	0.00245364387549852	0.00745497471387152	0.0140081609390144	0.0023659399209926	0.00823332574311377	0.0146637503720564	0.00256280031567213
1201	0.00662907755078323	0.0123596752756693	0.00205387284350407	0.00846803641796389	0.0139426309201819	0.00285379398842789	0.0070419601849152	0.0135205246647946	0.00213901168485883	0.00667713058159701	0.0133669635553642	0.00208388165533577	0.00759864157053857	0.0138900678537097	0.00234037058875754
1301	0.00604324052884287	0.0118663690030877	0.00186753233290337	0.00788411989123056	0.0134103935270144	0.00253581008940305	0.00661462104931604	0.01291244474122	0.00191141460817155	0.00614368517690102	0.0129051719081894	0.00190197484833184	0.00722307914978235	0.0131902691490528	0.00208709887056623
1401	0.00567773716610788	0.0114478199485001	0.00167582902270506	0.00724907625122405	0.0129291055027263	0.00235238339161306	0.00606390547147832	0.0124283701247868	0.0017895852093023	0.0057484453216319	0.0123565335950056	0.00175983209437319	0.00656918155967521	0.0125475430101331	0.0020179753742886
1501	0.00521309306734897	0.0108890650325555	0.00150293950349356	0.0068935556281779	0.0124321524106913	0.00206818887282046	0.0057646224517313	0.0119096743794449	0.00164699794997555	0.00534635424919373	0.0117345211732692	0.00153498410582596	0.00627789362361297	0.011910549326801	0.00173651903458451
1601	0.00493239625244923	0.0105703529879598	0.00139601224925175	0.006559788502007	0.0118671226288076	0.00198478030964694	0.00540092449925934	0.0114051027929153	0.00160058140741366	0.00516101918543527	0.0113424544216249	0.00144810222592305	0.00603726802989972	0.0114465153573713	0.00163971938624449
1701	0.00473091214589617	0.0102056776630141	0.00123349236500938	0.00623590807311934	0.0113994472117016	0.00195777969728559	0.0051593423918326	0.0109605112388112	0.00151954348774654	0.00480188158968542	0.0107377337299403	0.00133361887075789	0.0056838270571898	0.0109976094704668	0.00153298367161274
1801	0.00447545349848927	0.00976516454569014	0.00118372900860797	0.00578370281601354	0.0109625340886292	0.00163236272558497	0.00501026386461935	0.0105438092306579	0.00138681246742358	0.00449869452930926	0.0103598476551986	0.00119251539686873	0.00553621991947427	0.0105830695758043	0.00147050066680842
1901	0.00423433435035885	0.00944788109371131	0.00106012705549847	0.0055154750011749	0.0105158855732153	0.00151823960071915	0.00476288479415994	0.0101751462506345	0.00118648562640788	0.00432967505013353	0.0098979481923348	0.00115118864346912	0.00533444165676097	0.0101814823250879	0.0014663537432828
2001	0.00406017122138516	0.00910798861534367	0.000975750858522269	0.00518748401948958	0.0102549097888624	0.00142354439712306	0.00464470799466192	0.00974862132278202	0.00111128965855752	0.0041159612622677	0.00952585304080401	0.00110670223894405	0.00517783718507973	0.00984749109135923	0.00132439351106344
2101	0.0037545530584841	0.00877422838116941	0.000868612553143503	0.00494371260733465	0.00983175493208945	0.00121074591758128	0.00440945102434076	0.00938524340561385	0.00107128022350326	0.00407533505212303	0.0092864824993133	0.00102183973297373	0.00486637670617212	0.00956813558743221	0.00109902023600957
2201	0.00360951133788806	0.0084546781914202	0.000760483432861079	0.00470312176508669	0.00952145425564789	0.00110211074486917	0.00429310720062951	0.00900428050058894	0.00099299238438308	0.00396354315009626	0.00885189702027441	0.000964658628441644	0.00468708352992499	0.00917196400822949	0.0010322749684705
2301	0.00347546935940348	0.00815271711320458	0.000641851944299558	0.00456559386968451	0.0091478408306995	0.00109452490315155	0.00407458985026306	0.00874018829301177	0.000884337165299187	0.00366486871490639	0.00854402891130518	0.000863513224050784	0.00446282762642595	0.00893399666183615	0.00101595499664225
2401	0.00330560144776807	0.00787549179226735	0.00061890525918692	0.00446157853993858	0.00879396925549852	0.000964085433220647	0.00389701836196118	0.00842159873510296	0.000803749280345083	0.0035481591059287	0.00830835160388456	0.000763956827124712	0.00421515282659367	0.00858760781907176	0.000894379817884414
2501	0.00312391190683378	0.00763267072418079	0.000548155141446145	0.00433006125313473	0.00848055878468045	0.00091484461770013	0.00369670314879915	0.00812715210137176	0.000738200521113482	0.00337113137600665	0.00811382249533557	0.000704665903870915	0.00410605049645212	0.0083431780250218	0.000741672574668619
2601	0.00300822916022191	0.00744573817575494	0.000478745249805766	0.00418098454585603	0.00822996621399517	0.000860701908664537	0.00356019694162411	0.0079431480090587	0.000700937246979726	0.00317641540912245	0.00787143017684667	0.000659391073323946	0.00396308867659845	0.00812147814475231	0.000709145571464821
2701	0.00294847264126256	0.00730166525820609	0.000471927905784171	0.00416730569335633	0.00800202607789065	0.00083735553419935	0.00347310206930632	0.00776584732574929	0.000654983283808705	0.0030562474438139	0.00763314603792016	0.000599177217819362	0.00378107997688497	0.00790108441459767	0.000659865212827052
2801	0.00286531253179004	0.00706388923038298	0.00044388407845442	0.00405506068082238	0.00772055733464314	0.000771553420531858	0.00330988948404142	0.00752361157146064	0.000593483232833763	0.00298931399546772	0.00740946566624528	0.000540792637667155	0.00367162450620919	0.0077080877352288	0.00062144448949563
2901	0.00279087825045126	0.00684665491197259	0.000387379439826559	0.00391269412527541	0.00753439194669376	0.000746090265121887	0.00305825776910004	0.00731522613487182	0.000540148064276319	0.00280835723529231	0.00721338425061892	0.000511019345919031	0.00356304428884057	0.00751004834390143	0.000619136230698465
3001	0.0026786948484904	0.00667973597438817	0.000357633598294127	0.00382526874405237	0.00730933922734539	0.000637699872957984	0.00298662888958137	0.00714437384691307	0.000491846209072869	0.00273051891741529	0.00697529092879309	0.00047305854738353	0.00346606781552149	0.0072968771540968	0.000567945413441026
3101	0.00256611471631486	0.00650456472797411	0.000356092109391341	0.00366558382079918	0.00713684372176019	0.000593099116083524	0.00291997001402674	0.0069352006547111	0.000473229928118601	0.00265046775902277	0.0067718529291441	0.000407787853593226	0.00326075337048438	0.0070971017351374	0.000561330400178128
3201	0.00250353107288456	0.00633901524528536	0.000326397383751464	0.00346863911674011	0.00691044248211023	0.000561575630094717	0.0028399879335131	0.00677787723749455	0.000440003555010371	0.00256261280335838	0.00656998345029407	0.000397183416076269	0.00310285310698885	0.00690861233788259	0.000549957303801412
3301	0.00238298402231018	0.00621532176498231	0.000300060138588349	0.00334147246841752	0.00675753438710798	0.000530418491133625	0.00273210650116157	0.00655345940077441	0.000394650294981751	0.00255542978254422	0.00642166108005699	0.000367973050909095	0.00304456256319565	0.00671618329274569	0.000527483258049944
3401	0.00230694711952714	0.00611804188194774	0.000299951182834791	0.00324861032590412	0.00666069396430927	0.000509619749412521	0.00268761437352832	0.0064080722676497	0.000365210789519376	0.00237872777352301	0.00623885008761971	0.000340990916582784	0.00293585709646332	0.00654960773495473	0.000454176001631619
3501	0.00220597963660281	0.00596592969536183	0.000255016238053696	0.00304964541043604	0.00650590739958459	0.000496859962735619	0.00259632034694084	0.00625619922466777	0.000340527778903416	0.00234896841770593	0.00608519221801575	0.000317738334531271	0.00283053314251283	0.00638647282891847	0.000421247941288648
3601	0.00212878693200302	0.00585678841515763	0.000237349414621679	0.00296039555674168	0.00634964158987818	0.000473096557525332	0.00248369053718806	0.0060846042391759	0.000318743072385018	0.00224990804701521	0.00593879003624113	0.00027067435103968	0.00273924879011308	0.00615168323133367	0.00039990884054012
3701	0.00206557375662828	0.00568549558948564	0.000204974240852642	0.00289198965644426	0.00622678145295379	0.000456324098369836	0.00239576294275969	0.00598321241426594	0.000294476856169688	0.00208736659832995	0.00577585773948752	0.000256575998489314	0.00266706293675789	0.00600002032329087	0.000343727913276835
3801	0.00200619369672989	0.00556485046541519	0.000192290069436095	0.00270716879601483	0.00607465783056133	0.000390484587983998	0.00235942036023132	0.00579907002916556	0.000287000067630512	0.00202395128571171	0.00561922149694287	0.000242506222097752	0.00261654184145508	0.00584988901074505	0.000339626840551794
3901	0.00193785683843367	0.00544403611586374	0.000176658223385466	0.00263602280233919	0.0059518912632368	0.000346056195239235	0.00228292475379987	0.0055717495632541	0.000263528341606371	0.00194931960983223	0.00548493370699777	0.000224242531520251	0.00257562906764456	0.0057689417481258	0.000312332179033366
4001	0.00185823531776754	0.00532434026431153	0.000164633510420366	0.00258736937735109	0.00568342548967603	0.000327858225333046	0.00223754758976771	0.00545725544824923	0.000245789718007657	0.00187712461191844	0.0053646262148102	0.000214911433019026	0.00247888922170307	0.00564464688789159	0.000298177733980428
4101	0.00178316922141878	0.00520678723542828	0.000154709097530805	0.00250307396176853	0.00551226647514302	0.000311134536849074	0.00215205049906585	0.00535022504537898	0.000231642145799882	0.001824769925143	0.00525340723604271	0.000202415888305955	0.00240274022032093	0.00548150208628655	0.000274212020930055
4201	0.00174389400816767	0.00511201782708392	0.000146602406574071	0.00243551416282883	0.00538599471422587	0.000299113679317403	0.00207078954252157	0.00522818495706012	0.000195948528042195	0.00180053635032581	0.00512612608765627	0.000193573230232879	0.00233975231123875	0.00534620152215833	0.000258889111603489
4301	0.00166860132302397	0.00496741408645545	0.000140342372690136	0.00236773144820731	0.0052868189867672	0.000261226913733743	0.00204244931970651	0.00510417384606367	0.000191468331052096	0.00172587083731969	0.005003634831328	0.000180587542222023	0.00225679435979374	0.00517409348478873	0.000241865398943802
4401	0.0016323813851264	0.00486337497235834	0.000117994193940619	0.00227621967842173	0.00517072369303448	0.000232014713796953	0.00195951265489722	0.0049844775343774	0.000180665403890086	0.00168916270475684	0.00486568522454177	0.000166106421024152	0.00219140871997191	0.00510833817601019	0.000222968551888178
4501	0.00154639153124362	0.00476387613245855	0.000119132943743674	0.0022220683052398	0.00507931890509735	0.000211016046106358	0.00189431088279589	0.00489044335315664	0.000174909663049961	0.00163259458829652	0.00480001648405414	0.000152747177752762	0.00208819224493612	0.00498098469053659	0.000207927754913024
4601	0.00150416398528368	0.00468454721058946	0.000105539721060503	0.00213384060704507	0.00496359176519196	0.000199948110251304	0.00182343430715993	0.00477833148835265	0.00016154814952738	0.00156290015606072	0.004723144775768	0.0001473758762549	0.00203775742315296	0.0048560135091151	0.000195388126927677
4701	0.00146995635475399	0.00459176289797567	0.000100753141536757	0.00207573829607688	0.0048405468872601	0.000194384483480331	0.0017837229915904	0.00466832767294454	0.000143679778116392	0.00151108337928758	0.00462185898642075	0.000138119682211206	0.00196911034386929	0.00477964228089387	0.000178577621322743
4801	0.00142259657890085	0.00444338508197889	9.50297544678393e-05	0.00202024476892014	0.00473838711514673	0.000174511677181074	0.0017076499135449	0.00459520269404152	0.000136948957163081	0.00142808070376468	0.00455411353937761	0.000131967813941194	0.00191576256263318	0.00467413395189564	0.000162337687986924
4901	0.00137084325284187	0.00436274111543875	8.94062208327858e-05	0.00197615015570637	0.00468037060291441	0.00015693770410127	0.0016765131284232	0.00451842287892932	0.000134442246082735	0.00138265406813848	0.00448994346374603	0.000126927236744367	0.00187858686186624	0.00461579887748983	0.000155530048529758
5001	0.00132045379865945	0.00427513860621471	8.52784156830449e-05	0.00190579901785389	0.00459112643887549	0.000152536650718751	0.00164680160864874	0.00443338102065438	0.000126586782864582	0.00135110990733213	0.00440250591564973	0.00012337864269681	0.00184037860063713	0.00453678757963819	0.000151706979725899
5101	0.00130168663371038	0.00417962865499829	8.24566983478349e-05	0.00186518568637666	0.00449683906007658	0.00014337656759494	0.00159715770876978	0.00436653826890898	0.000121996488593188	0.00130306537140774	0.00434442890907249	0.000119042222284172	0.00179461119349592	0.00446894144582606	0.000133498485499896
5201	0.00127073785482011	0.0041032753582597	7.69870267427845e-05	0.00180953937802718	0.00440842973037803	0.000133334018704565	0.00156052620227875	0.00429794140776514	0.000118414003263766	0.00127289216329584	0.00425699013826283	0.000110516254881361	0.00173747879870859	0.00439674070545527	0.000132408942111875
5301	0.00123982249876823	0.0040115834022726	7.04632411045851e-05	0.00177410542777803	0.00433234905963893	0.000132256146552608	0.00150781339664885	0.00421426291256249	0.000114464819995418	0.00124600876679235	0.00419407210332622	9.36649032447812e-05	0.00169898484690056	0.0043282945996597	0.000121967180773865
5401	0.00120699192639005	0.00392314278971066	6.26198895539428e-05	0.0017374207053356	0.0042978426553423	0.000121841764215711	0.00145816073205658	0.00414926239393404	0.000108051193854846	0.00121762516822274	0.00411824048459042	8.94989773132545e-05	0.00167233655989797	0.00424977072507039	0.000109307853945445
5501	0.00117459258257695	0.00385015532958525	5.96401147320914e-05	0.00168508793619795	0.00419896936684602	0.000110438857426019	0.00144565993229491	0.00406134247896437	8.77556107193557e-05	0.00119623527830227	0.00404148587026767	8.30525472779619e-05	0.0016547207957008	0.00417313790193549	0.000106699249240528
5601	0.00115067471972765	0.00375968882295531	5.5917274194518e-05	0.00161542968686026	0.0041408027244233	0.000108515068578674	0.0014319474778241	0.0039990450487896	7.81916238643591e-05	0.00115535555231567	0.00395728326361596	7.53193371671221e-05	0.0015990113858274	0.00409171050531455	9.48234128849647e-05
5701	0.00111566064631263	0.00367422473915568	5.18863567845676e-05	0.00160240340146799	0.00404244583989345	9.38531088695363e-05	0.00139807331045047	0.00391813673305002	7.5011096134567e-05	0.00111568386751383	0.00389974250083525	6.26290551566914e-05	0.00155182982354561	0.00399131320005735	8.80245962815167e-05
5801	0.00107449250161965	0.00361270904977448	5.01761921269591e-05	0.00154535838182987	0.00397168200512887	9.04281329052564e-05	0.00138065070440908	0.00385957869118318	7.06383453733738e-05	0.00108145866147538	0.00382982042400485	5.34093229414677e-05	0.00153408069055732	0.00392336780240304	8.59756924094936e-05
5901	0.0010358063406362	0.00356395826545137	4.57665760924432e-05	0.00151823118230739	0.00391860793904414	8.40728881018463e-05	0.00134843599348874	0.00378841342527168	6.95727789874423e-05	0.00106313776512606	0.00376814742389121	4.80986887211178e-05	0.00144327944956082	0.00384886515654086	7.79159263725285e-05
6001	0.00100123920939555	0.00352771728405073	4.25606336876914e-05	0.00147873701389803	0.00383409607566358	7.73469666657423e-05	0.00130797239069421	0.00372427294160778	6.63198196873098e-05	0.00105401835015399	0.00370365382284181	4.39589516759227e-05	0.00141882860946309	0.00376801837321183	7.5185242409196e-05
6101	0.000977854112894818	0.00345802117814385	3.85658761250479e-05	0.00147022913712651	0.00377349041426918	7.44558003064072e-05	0.001290129746136	0.0036584141477908	5.96129949588181e-05	0.00102041525235059	0.00365087018190177	4.13542032653704e-05	0.00136550787914831	0.00370940154996599	6.92019178569674e-05
6201	0.000948442678908781	0.00340106283181511	3.65842468890846e-05	0.0014342883419576	0.00372088432529792	7.06435102093457e-05	0.00124998720490699	0.00360976315835159	5.80278657414083e-05	0.00098762675786258	0.00358786826556652	3.88655651406816e-05	0.00133680120277238	0.00365043519445427	6.28035150305345e-05
6301	0.000926946026810054	0.00336761933862696	3.40505680168389e-05	0.00142025955882784	0.0036470911672999	6.69277198065148e-05	0.00120845962603293	0.00354540250608248	5.71035873207781e-05	0.000975279798587151	0.00353692512965943	3.5784778395283e-05	0.00131561362704278	0.00357446751762032	6.34205687733667e-05
6401	0.000905153144453808	0.00330319869678467	3.06786657393876e-05	0.00139448999057794	0.00361473239859949	6.46776962737417e-05	0.00117535003890375	0.00349793189939416	5.39784467959513e-05	0.000956357912281818	0.00347514793311645	3.41039056088226e-05	0.00126825762287939	0.00351381857380856	6.25234090351304e-05
6501	0.00088881573422153	0.00325318321717957	3.02059691147371e-05	0.00136814035122297	0.00357607551502717	6.29198381519157e-05	0.00114749270038482	0.00345107877451284	5.11582791764681e-05	0.000946112000096898	0.00340469494783508	3.44021298492112e-05	0.00124076909863443	0.00345855904351383	5.46302977374001e-05
6601	0.000868702790703231	0.00319455118637335	2.73226769903948e-05	0.00134212016463787	0.00348917868945044	5.93054192493373e-05	0.00113797311265969	0.00341296329997053	4.77078447894399e-05	0.000935182222576027	0.00336343488018663	3.10660456518089e-05	0.00121804842571805	0.00342193656539771	5.40112375055525e-05
6701	0.00084507988389617	0.00315831707444685	2.64750725739306e-05	0.00128057857908554	0.00345082118408971	5.62102947941914e-05	0.00110635215287054	0.00334385419155238	4.49646747990813e-05	0.000938614394832642	0.00332389108040256	2.77120408286911e-05	0.00119601930127892	0.00336683128652245	5.20565509216339e-05
6801	0.000823880033756742	0.00310715050102054	2.43491000507589e-05	0.00125879742683338	0.00334912134252925	4.95612237532341e-05	0.00107960172959125	0.00329943574589623	4.01316812145924e-05	0.000889982219325974	0.00326538128490707	2.65157479926999e-05	0.00115366812710629	0.00332513793145288	4.66487288716512e-05
6901	0.000816319253752032	0.00307846326916242	2.15452624211732e-05	0.00122611718671678	0.00328356672762752	4.61202189328107e-05	0.00103317199934612	0.00327435455171378	3.56951534972331e-05	0.000879891234511819	0.00321543293709567	2.37763544422806e-05	0.00114425491797716	0.00327811663296942	4.54603999189024e-05
7001	0.000789878130788565	0.00302618711671901	2.13163607658896e-05	0.00117047517281865	0.00325100027672521	4.52034957448509e-05	0.00101095015688305	0.00320350996444573	3.4131415081683e-05	0.000847296785569182	0.00316878207583856	2.19590971947133e-05	0.00111237746895658	0.00321162268274912	4.50397938659988e-05
7101	0.000778447415648841	0.0029804399979924	1.95907851390128e-05	0.00116033382800995	0.00320097809610141	4.26754891194515e-05	0.000987971061551623	0.00316915293648899	3.48483104584602e-05	0.000828596748092703	0.00312056457711697	2.17680168181308e-05	0.0010979231905538	0.00318033115453986	3.90967373275921e-05
7201	0.000753212387607518	0.00294528577099989	1.82078534436317e-05	0.00111797974834204	0.00316673995196522	4.0162124445642e-05	0.000973485657443192	0.00312103387264359	3.30243435442179e-05	0.000823505828765098	0.00307314420289136	1.8907468223208e-05	0.0010611569844735	0.00315161320781302	3.86433111873442e-05
7301	0.000703816065763428	0.0029041834344223	1.7061158912254e-05	0.0011101749373484	0.00312309057660225	3.79859963119599e-05	0.000948622892762756	0.0030711879837588	2.93775126682584e-05	0.000808988814201909	0.00303790298913602	1.91297716474175e-05	0.0010387104357349	0.00311247484344449	3.48024649287395e-05
7401	0.000680143359972927	0.00284702574942153	1.58744479368276e-05	0.00107260560272661	0.00307837250126327	3.41163030072109e-05	0.000932012651779174	0.00305095308073273	2.62750089005015e-05	0.000765672541076558	0.00300482020075798	1.77770730548102e-05	0.00101426483746489	0.00305096156893588	3.36707477034894e-05
7501	0.000657544652241943	0.00279799726113855	1.49992677574046e-05	0.00104578601056836	0.0030081729970929	3.31640585656345e-05	0.000914662587008896	0.00300029869616214	2.51578190457227e-05	0.000738937220780335	0.00296560932741621	1.63010221403015e-05	0.000981115136534737	0.00300231830565731	3.28181880928829e-05
7601	0.000643734074415347	0.00275667648510003	1.33841378089369e-05	0.00101125766741187	0.00297278395972812	3.22375424609958e-05	0.00089912580066383	0.00294871206569003	2.43599225573289e-05	0.000721915965467658	0.00293172871137265	1.58429482215327e-05	0.000951320608405485	0.00295911901605467	3.21885454289858e-05
7701	0.000630501580465288	0.00271946438536959	1.23281463325944e-05	0.00100150947692634	0.0029443751637874	3.09113596431991e-05	0.000874169016949259	0.00290280540853659	2.33058865665456e-05	0.000715240380900772	0.00288403742014087	1.46050129296274e-05	0.000935430989432594	0.00292550967368379	2.94166225957724e-05
7801	0.000611521461866719	0.00269735863312462	1.11308325887169e-05	0.000975052758522086	0.00291449314580808	2.88258330557452e-05	0.00085095017151541	0.0028546880086767	2.12508152309594e-05	0.000711088105582448	0.00283519082789968	1.32725664037784e-05	0.000914605804980973	0.00289128551048556	2.65474383796389e-05
7901	0.000597522942030563	0.00267583052536516	1.0369496833684e-05	0.000946748529785035	0.00288744383818648	2.79433156934184e-05	0.000842035934967513	0.00280215714901005	2.01346732918605e-05	0.000689405275317736	0.00279813983605218	1.27082684033031e-05	0.000888746395242357	0.00283296738812532	2.45903274601263e-05
8001	0.000583222535936593	0.00264261029901177	9.5917994930555e-06	0.000932170473512854	0.00285583426379778	2.40879478537569e-05	0.000831725530151692	0.00277048005959078	1.86110198753285e-05	0.000671218088068689	0.00275870179214599	1.26252329997768e-05	0.000870788457598183	0.00280175077520595	2.38765190391713e-05
8101	0.000568145837508296	0.00260522526515423	8.19894412113981e-06	0.000913317559586158	0.00282190995585518	2.35287465240868e-05	0.000817505363559762	0.00273602843790653	1.71033292029361e-05	0.000649488322705902	0.00271039846659358	1.10814213458412e-05	0.000860344924441071	0.00276329721666154	2.27691333084607e-05
8201	0.000557943030850381	0.00256965173662637	8.04777583050152e-06	0.000879054728574553	0.00279004506156785	2.19697817930704e-05	0.000805342295564998	0.0027057328761704	1.62440531517103e-05	0.000634148133341925	0.00266136097250047	1.07915178664234e-05	0.000835429376832376	0.00273463847944997	2.04353880001474e-05
8301	0.00053967442453718	0.00254487562174339	7.64620818731856e-06	0.000866337323782185	0.00274000130057695	2.11048295286881e-05	0.000789749214922913	0.00265804739564576	1.48475260714309e-05	0.000623860745919823	0.00262473892161925	1.04691189064279e-05	0.000820467875538603	0.00270079129106607	2.02749325025844e-05
8401	0.000526477939620194	0.0025101925041657	7.22816944778735e-06	0.000846928148660458	0.00270828554146966	2.05110334902885e-05	0.000769872650857654	0.00262611214808844	1.32766726541666e-05	0.000616327631700258	0.00258899978318716	1.02244602760383e-05	0.000805706093714261	0.00266039054733206	1.82399973202495e-05
8501	0.000512905579659671	0.00246534601604978	6.66570395028119e-06	0.000836896387146521	0.00268069034894365	1.94453863247539e-05	0.000744773730689408	0.00258979282259097	1.2143925827187e-05	0.000591174691970295	0.00255275916368918	9.6818848642324e-06	0.000784145781805309	0.00259862086579822	1.65221948973114e-05
8601	0.000501833312909215	0.00243746367792314	6.42343891210435e-06	0.000822151459337964	0.00265367815888827	1.93488837392557e-05	0.000733937013903398	0.00255012866995528	1.20657111212318e-05	0.000577791044961228	0.00252410791747251	9.51147594119633e-06	0.000778220152216219	0.00256488307545352	1.65679486222566e-05
8701	0.000490897339261654	0.00240256052983685	6.28158927986828e-06	0.000800084033528508	0.00261967561112379	1.64569055950447e-05	0.000732906690444987	0.00250846263517178	1.15588111977564e-05	0.000562808670264962	0.00248441644782837	8.80720170557069e-06	0.000769797819852864	0.002523281657408	1.4764120580804e-05
8801	0.000483560224060652	0.0023748366374056	5.37754992072498e-06	0.000775088960526027	0.00257639750652737	1.47450719783521e-05	0.000703062410532722	0.00247710621929043	1.09976355655069e-05	0.000542624501949227	0.00245329250077021	8.12969157310948e-06	0.000749586271573438	0.00249368054833524	1.40820959487898e-05
8901	0.00047500066612036	0.00234536969180683	5.01402727506058e-06	0.000757106343945053	0.00253132357150958	1.43645140489869e-05	0.00068559970958242	0.00244083002615518	1.06921718760254e-05	0.000534938214115172	0.00241694208071258	7.0509986943854e-06	0.000731440475614825	0.00245409939017821	1.32094969065554e-05
9001	0.000459873491347329	0.00231871225615302	4.9287585063405e-06	0.000736493533348152	0.00250059511028199	1.28828935051508e-05	0.00067082280240642	0.00241645377774582	9.48726076467014e-06	0.000522467512812411	0.00239414328072743	6.5625336884961e-06	0.000716338646969112	0.0024179286092925	1.26111471516079e-05
9101	0.000453701309756653	0.00228620041829461	4.55619361612652e-06	0.000726652463531706	0.00247214216535629	1.25666045024519e-05	0.000659291262840867	0.00238926796475506	8.68649889255094e-06	0.000519036677983871	0.00236375871500328	6.08875622431116e-06	0.000700435081683453	0.00239282736147159	1.19934075481382e-05
9201	0.000434939133521673	0.00226814920764677	4.33421899757736e-06	0.000715797330947492	0.00245405639204935	1.15161635748172e-05	0.000649754978642671	0.00235403944810753	7.84989576518083e-06	0.00050646734863466	0.0023364305395589	5.52502629438311e-06	0.000695186484852983	0.00235653770757457	1.12440963153477e-05
9301	0.000423347680759735	0.00224680731827443	4.15056236522093e-06	0.000707804321082755	0.00243595920762126	1.12464337670023e-05	0.000634315259663457	0.00231057580274554	7.33336349665277e-06	0.000495934386196343	0.0022958002679133	5.41782241105996e-06	0.000690549910814524	0.00232119306313548	1.04338581201071e-05
9401	0.000414240654374338	0.00221798417760458	3.92990774381236e-06	0.000700034023831497	0.00241257501681579	1.07500089886628e-05	0.000620283212632271	0.0022828522227507	6.77740870062552e-06	0.000484165426284999	0.0022766500062902	5.27254927303735e-06	0.000677497716703665	0.00229445732606012	1.00907251553736e-05
9501	0.000400464347898249	0.00219633392129368	3.5262196071945e-06	0.000677256428598192	0.0023916387437568	9.72990966961687e-06	0.000599360925286836	0.00225585709211226	6.36934530159303e-06	0.000473297353872206	0.00224924912652338	5.00894569688562e-06	0.000658002525162813	0.00227444925303636	9.23935148086473e-06
9601	0.000392924035678549	0.00216218445227864	3.19511846170926e-06	0.000661590117251413	0.00236333441784563	9.1328051730409e-06	0.000590075525298691	0.00223161911922302	6.03315939641173e-06	0.000462503707033673	0.00221920451595158	4.61132809059426e-06	0.000658303552818317	0.00225800194359704	8.74260734023434e-06
9701	0.000382785722397123	0.00213775209174115	3.00307990016521e-06	0.000657689933290403	0.00235118444284701	9.1771859232645e-06	0.000583789988921457	0.00220267022936448	5.92616893319554e-06	0.000449111797552402	0.00219305326693216	4.3808355701661e-06	0.000636881555713851	0.0022297345920109	8.58389485600078e-06
9801	0.000378141650201261	0.00211257115591985	3.00435450336536e-06	0.000647822132940737	0.00231753081435782	8.70628045963373e-06	0.000572225355848876	0.00217698598636669	5.48814601964993e-06	0.00043979143505619	0.00216120824008456	3.90811504050324e-06	0.000621538457625111	0.0022067171370552	7.99864129538906e-06
9901	0.000371759781598102	0.00208088528459001	2.6812933261506e-06	0.000628189524145968	0.0022858743909347	7.94444195119955e-06	0.00056836657784428	0.00215292702550223	5.07094987159533e-06	0.000431746262430321	0.00214220894058793	3.58255287603632e-06	0.000605088243489864	0.00218873257357906	7.68462150314842e-06
10001	0.000360760630259502	0.002059118703376	2.50580181673169e-06	0.000607543819142205	0.00224970346010336	7.49501771245714e-06	0.000558887419296936	0.00213565813811447	4.86755725862257e-06	0.000422411011676727	0.00211538704819931	3.64067473487243e-06	0.000591208838880344	0.00216859809932205	7.13698739175389e-06
10101	0.000353363714904038	0.00204105981643059	2.2315069306075e-06	0.000577173013161504	0.00222776920890865	6.93235197046132e-06	0.000543263629818	0.00209385045147739	4.47141302040173e-06	0.00041558078353192	0.00208669151875895	3.22745247055905e-06	0.000576769007726998	0.00214296675574991	6.73252907386728e-06
10201	0.000346062058579641	0.00201570707980673	1.98470884105102e-06	0.000570753316791413	0.00220545622964651	6.76935117507915e-06	0.000528398226399543	0.00207695857885151	4.2653815743106e-06	0.000406871555675886	0.00205193162052799	3.15038865927288e-06	0.000568320660729133	0.00212011657288067	6.3608903644775e-06
10301	0.00033685330401766	0.00199873636150945	1.85539498417371e-06	0.000561684552198805	0.00217472057513531	6.30324286239103e-06	0.000522812152078841	0.00204574193468528	4.18365799436935e-06	0.000399961044708447	0.00202238088672186	3.0469205435919e-06	0.000554501104984165	0.00208673534596904	5.99241423542851e-06
10401	0.000330888368571122	0.00197064136620029	1.74516457807771e-06	0.000552174894978347	0.0021521059381102	5.80411456397486e-06	0.000510875984027802	0.00202687743445059	3.82675568057675e-06	0.000386551627435634	0.00198407873032043	2.79802617608325e-06	0.00054060776562778	0.00206741524715888	5.10298603833792e-06
10501	0.000320508806271357	0.0019523293898112	1.73978821718244e-06	0.000540555414327679	0.00213002861605728	5.72152346142558e-06	0.000504312394550228	0.00199586533350538	3.62753834926688e-06	0.000376845151580028	0.00195695482595949	2.73220033697423e-06	0.000535383765651493	0.00204427247519596	4.97999822827089e-06
10601	0.000308884265176883	0.0019328563984485	1.61155365425728e-06	0.000528616072062339	0.00210811102050102	5.04289494402131e-06	0.000487407544490074	0.00198179365245718	3.06411146419825e-06	0.000371394991355527	0.00193559891725161	2.42795875505996e-06	0.000523598035984445	0.00201525123654296	4.35915490662421e-06
10701	0.000303453396822388	0.0019107569546929	1.5691340341091e-06	0.000524066279853851	0.00208605611356635	4.9092618022864e-06	0.000474988785971708	0.00196050862755296	3.12709333481063e-06	0.000368212428407245	0.0019135296257636	2.18631473959359e-06	0.000511143871479793	0.00198786023246327	3.99551718433411e-06
10801	0.000299073404419215	0.00188710365099979	1.39553610573858e-06	0.000513947360424255	0.00205488446698548	4.88101609180935e-06	0.000462577163513683	0.00194323422353129	2.88823912246923e-06	0.000363325495359741	0.00189160829836622	2.24248022296314e-06	0.000506023134394391	0.00196489060912363	3.86528943603552e-06
10901	0.000289449965381712	0.00185882829126458	1.37894556651592e-06	0.000507209987543777	0.00202911328551798	4.32678666430194e-06	0.000460508591043776	0.00191855541908139	2.66102063628115e-06	0.00035599246336144	0.00186801403702224	2.15005637010851e-06	0.000498630622869696	0.00194429566003879	3.74283841844209e-06
11001	0.000279933794581551	0.001832933377172	1.28820681653131e-06	0.000506547965353082	0.00200441029105668	4.16514653362272e-06	0.000452554086074735	0.0018886715508786	2.5769169689774e-06	0.000351352220435522	0.00184971936395901	1.9143838036145e-06	0.000490318167615468	0.00192018759456248	3.35252392389627e-06
11101	0.000273197082349752	0.00181684646754718	1.17944761340409e-06	0.000493573574343511	0.00198451390627098	3.9921858225958e-06	0.000441535048385362	0.00187579214496376	2.45822483291516e-06	0.000336204336654231	0.00182768206071227	1.76634848292294e-06	0.000480914127939711	0.00190441122698268	3.15572769855443e-06
11201	0.000267068441477827	0.00178408380139427	1.14167269271195e-06	0.0004904185712159	0.00196555893813369	3.61567221680108e-06	0.000436416675277647	0.00185551577866393	2.47332471281355e-06	0.000333754653035547	0.00181191692488149	1.68017025005247e-06	0.000475806127775074	0.00188541715689508	3.0296678137076e-06
11301	0.000263957615037742	0.00176888431012352	1.08865173818124e-06	0.000481726882091424	0.00193841755931358	3.38802298282589e-06	0.000429652657658129	0.00183755750830593	2.27346064627014e-06	0.000331491033582407	0.00179845865049305	1.62794522363815e-06	0.000466942702846037	0.00186863439789623	3.02150133891195e-06
11401	0.0002567000169042	0.00174308756679113	9.52789226572518e-07	0.000471350999322302	0.0019217627650102	3.24620502736511e-06	0.000419058180400626	0.00181118252041355	2.15553974665343e-06	0.000321679992258299	0.00177718877903897	1.5750581149147e-06	0.000446297919748616	0.00184013284394151	2.63542045281283e-06
11501	0.000245874075658831	0.00172873990353049	9.70316811014479e-07	0.000463070698073044	0.00190387010898842	2.97461855623733e-06	0.000413174613171885	0.00179017171194129	2.10345768554326e-06	0.000311977884943892	0.00176029071776899	1.47521957414771e-06	0.000438043896173435	0.00182148026330239	2.3903986330071e-06
11601	0.000243111675671157	0.0017150428662258	8.87867660019304e-07	0.000452747703653142	0.00188500214206399	2.69173219064265e-06	0.000405026443312219	0.00176931551544947	1.96179301138766e-06	0.000304263328839629	0.00174013036501175	1.40033101722309e-06	0.000428202727718125	0.00180298141477987	2.31244735346272e-06
11701	0.000239446835934978	0.00169844814541729	8.41311779586831e-07	0.000442123872711746	0.00185658315663117	2.63699791463621e-06	0.000404501103503187	0.00174721554214215	1.87997720605448e-06	0.000297255577925507	0.00172135255801006	1.30738973522878e-06	0.000419204505776201	0.00177488265334603	2.2063832279213e-06
11801	0.000236576760475772	0.00168938406341022	7.83169512162206e-07	0.000439092436129171	0.00184172097573819	2.45683372034388e-06	0.000397430457120656	0.0017249427530334	1.66648548834115e-06	0.000292907329838558	0.00170950721079942	1.16851390293373e-06	0.000413692454355135	0.0017571191963764	2.05040202876006e-06
11901	0.000229617464614258	0.00166727679961265	7.04201919822564e-07	0.000432893415132238	0.00182577187337029	2.30665380419984e-06	0.000390013431541194	0.00170982909084558	1.52542191324151e-06	0.00029050839901394	0.0016972596293404	1.11712137821367e-06	0.000406733592704647	0.00173226667836597	2.02869892928699e-06
12001	0.000222863852488788	0.00163665033008524	6.77557375784649e-07	0.000428756651330152	0.00180177997602931	2.0779121552682e-06	0.000384157096913237	0.00169551633588848	1.43956356736461e-06	0.000282536462633081	0.0016796919414938	1.06356977582918e-06	0.000394282227172025	0.00171846138486738	1.93812968225653e-06
12101	0.000219229511616337	0.00161533998297388	6.37739683668714e-07	0.000420458390032072	0.00178607088018542	2.05152807869549e-06	0.000372239546960672	0.00168864226160648	1.34262020184343e-06	0.000277551644116907	0.00166294058099196	9.22671185497268e-07	0.000390353116790182	0.00169972612282609	1.82432300424945e-06
12201	0.000214192716502288	0.00159426660510309	5.3669595282572e-07	0.000409035653145024	0.00177510102709734	1.87134457551083e-06	0.000364063230022796	0.00166841373816137	1.3072700673734e-06	0.000274208117904458	0.00165215506401282	9.27363100561325e-07	0.000385159452439255	0.00167966693542454	1.64831399566926e-06
12301	0.000210789521462911	0.00157631083609293	5.2163320544617e-07	0.000401866765774262	0.00175426545264457	1.77044999170382e-06	0.000355968977011739	0.00164765114229594	1.21792502746965e-06	0.000269022632303123	0.00163417231222806	8.77574371152601e-07	0.000377051046765041	0.00166183431512303	1.54602861418009e-06
12401	0.000207258452024208	0.00155854322062205	4.82725266383503e-07	0.000393582348612581	0.00173856029514407	1.71469279143919e-06	0.000352953034883331	0.00163423635529618	1.16281201646896e-06	0.000261328950629375	0.00161373197118861	8.26885785690835e-07	0.00036992790828198	0.00164711878449014	1.48826567168837e-06
12501	0.000201823589538565	0.00154723232799929	4.50742770838145e-07	0.000381548564236524	0.00171608150631523	1.711179836311e-06	0.000343024315934387	0.00161191308774349	1.07493983226349e-06	0.000252768888778592	0.00159053471017418	7.50691930863156e-07	0.00036305979503367	0.00163387672889464	1.37534749408436e-06
12601	0.000196246189674763	0.00152473818567249	3.97864252772263e-07	0.000374381642309949	0.00170091456544042	1.6109150851361e-06	0.000335747863970865	0.00159583888214653	1.03061515327717e-06	0.00025232016235746	0.00158220544413208	7.12044718200615e-07	0.000347015823564138	0.00161586064754722	1.36507023997555e-06
12701	0.000192962983609033	0.00150882582129641	3.85824348239583e-07	0.000365309653038697	0.0016874205238992	1.44121665797055e-06	0.000328738847587624	0.0015748929143659	9.91753081289584e-07	0.000244479586602322	0.00156323898825911	6.9555309622388e-07	0.000343456587075239	0.00159173784837944	1.14968439356448e-06
12801	0.000188543327714011	0.00149780832353727	3.70068957258142e-07	0.000360421300659039	0.00167357380599156	1.37285503240922e-06	0.000325856839445694	0.00156396630975226	9.44854896857082e-07	0.000242921052941439	0.0015483445087392	6.07143984005259e-07	0.000339199460462847	0.00157853311153846	1.11619594343363e-06
12901	0.000185846960148002	0.00147131192970577	3.34879548807262e-07	0.000356092979004956	0.00165869209456719	1.28700846563964e-06	0.000313595048674712	0.00154672685460523	8.88335628685041e-07	0.000238027686195666	0.00153760205132511	5.4658954825731e-07	0.000333454788274038	0.00156376931142795	1.12625711510798e-06
13001	0.000182534422467492	0.00145882361327886	3.05735407614957e-07	0.000345809414944063	0.001639761898125	1.2527133994826e-06	0.000306036326502822	0.00152955651784595	7.72169890644294e-07	0.000236628291137183	0.00152263918327444	5.40444531656754e-07	0.000328223545121006	0.00154539067461379	1.04619750620398e-06
13101	0.00018040218984109	0.00143803300417022	2.74249999830256e-07	0.00034256980374633	0.00162439018090582	1.15235720228525e-06	0.000303505387407929	0.00151165284832709	7.17077488057838e-07	0.000228869369054309	0.00150683695765677	5.12594915929133e-07	0.000322620111113814	0.00152810067255432	9.59732996041785e-07
13201	0.000178550759366139	0.00142334534331286	2.6237312802639e-07	0.000336308093406997	0.00160371549446417	1.03371182207654e-06	0.000300526319736349	0.00149839241715214	6.72931636702765e-07	0.000224257905367108	0.00148880744468319	4.78460369840538e-07	0.000316591395610812	0.00150943306829332	9.35209137148323e-07
13301	0.000173516401812727	0.00140357377651513	2.45343767707353e-07	0.0003284760971994	0.00158959986861385	9.49102989299949e-07	0.000297482652899499	0.00148398575568451	6.1106259177695e-07	0.000222177159151696	0.00148027427275443	4.77743128032218e-07	0.000314587900332881	0.00149281107161853	9.05675766291556e-07
13401	0.000170874895439162	0.00139178034741613	2.2937292850563e-07	0.000326348913255528	0.00158221914185761	8.61694983949342e-07	0.00028784077295871	0.00147526935513257	5.665806606237e-07	0.000219388477719649	0.00146318698309833	4.39759619877971e-07	0.000308962452673173	0.00148047625833179	8.50159903622839e-07
13501	0.000166465243797462	0.00137475288238122	2.03791985424983e-07	0.000315482542608289	0.00156948759678601	8.57825061527569e-07	0.0002841187209016	0.00145963668842985	5.12823479556901e-07	0.00021553236434605	0.00144923141771869	3.98885290132863e-07	0.000306408684023381	0.00147072907078595	7.8577266116877e-07
13601	0.000165412612485187	0.00136106277007863	1.93036644895148e-07	0.000310529843526438	0.00155454808049676	8.06837413588677e-07	0.000278691746288678	0.00144849337790519	4.82251413725846e-07	0.000211197299386717	0.0014411080052339	3.97426261361164e-07	0.000290265321486413	0.00145379638360269	7.10058716121597e-07
13701	0.000161479608829686	0.00134127800236856	1.73580967906045e-07	0.000308415687658109	0.00154362793393973	7.91731046086961e-07	0.000274425590508896	0.00143889315547662	4.63482239183587e-07	0.000209770987620215	0.00142493098207618	3.62636263163267e-07	0.000282368294041414	0.00144321783316212	6.90399187661444e-07
13801	0.000157636577725079	0.00132783968687135	1.64485757118581e-07	0.000306256311377946	0.00152962974328484	7.13025358912491e-07	0.000270025808488438	0.00142744712131344	4.54735080834346e-07	0.000201527461423631	0.00140847753915761	3.59089558752796e-07	0.000279059279238242	0.00142787203540359	6.60643087986802e-07
13901	0.000153061614870942	0.00131400213455229	1.69271113159748e-07	0.000304318212111738	0.00151008243258177	6.65827784499813e-07	0.000264054713525001	0.00141426928396088	4.26629999701774e-07	0.000197921037173609	0.00139607805088989	3.41455181140656e-07	0.000271694782948913	0.00142022920766925	6.28560737473155e-07
14001	0.000149675391513416	0.00130120740847307	1.48480273454316e-07	0.000296363765455273	0.00149788016431478	6.2744841648657e-07	0.000258516468707076	0.00140370944309948	3.87712203095248e-07	0.000195444069690601	0.00138215581892772	3.08126595920457e-07	0.000264839225857492	0.0014052006804466	6.03389559017291e-07
14101	0.000146623781649951	0.00128778176664445	1.42819038031253e-07	0.000290977016932775	0.00148576730721416	5.94627647835958e-07	0.000249889929384493	0.00138790809221296	3.79678046305876e-07	0.000191681015172692	0.00136819478935849	2.93899212881036e-07	0.000258230771275853	0.00139852456438179	5.86348216771676e-07
14201	0.000144340064520229	0.00127461557608001	1.39174868764408e-07	0.000290485060242195	0.00146487483668787	5.6923333183042e-07	0.000247517295891655	0.00137437992978255	3.51324135408287e-07	0.000186807424317716	0.00135533462246384	2.6908232680753e-07	0.000253168651291899	0.00138934633979008	5.22211141744711e-07
14301	0.000138721695244151	0.001261823848284	1.26285457966602e-07	0.00028517463975505	0.00144925810526783	5.52221941693906e-07	0.000240837530260468	0.00136354702041596	3.52487898556198e-07	0.000183250833522601	0.00133605067014415	2.54434835030426e-07	0.000249822031101183	0.00138238070082712	4.76012801217432e-07
14401	0.000135424893298272	0.00124805458965793	1.18123660089028e-07	0.000281553293899732	0.00143030799367471	5.52590480144695e-07	0.00023481156889408	0.00135298999026838	3.27485456022586e-07	0.000181046031046381	0.00132541362556694	2.46678922261688e-07	0.000245031634547263	0.00136293704060151	4.40668783288923e-07
14501	0.000134293495880105	0.00123686919426092	1.16408310025673e-07	0.000269826651665743	0.00141703757613872	4.98718577381445e-07	0.000231498134829439	0.00133681964502718	3.15802223590681e-07	0.000175902256727734	0.00131222183967686	2.42802920779549e-07	0.000239971248559964	0.00134138447268557	4.34089213135367e-07
14601	0.000131355461642516	0.0012180488403479	1.13520575406528e-07	0.000257303426228399	0.00140635429658153	4.78101029332387e-07	0.000229207686298661	0.00132855760523827	2.9487816925513e-07	0.00017235246455854	0.00128577618785595	2.32235620222889e-07	0.000236810581752624	0.00133047439926704	3.96284034085713e-07
14701	0.000128258829339801	0.00120137968510695	1.01714947219243e-07	0.000255791626115623	0.00139564851305419	4.50754551728863e-07	0.000227464874992719	0.00131602102448177	2.74308196811973e-07	0.000169227700934431	0.00127569725687991	2.26328129029357e-07	0.000233856010068789	0.00131626840004554	3.79851844051205e-07
14801	0.000123628407685696	0.00119066757679388	9.2991624189451e-08	0.000253495939300964	0.00138156982728795	4.29534711944337e-07	0.000222753672544894	0.00130188133712412	2.55220967153633e-07	0.000164721229403292	0.00126551480738085	2.14156325331646e-07	0.000228675888623218	0.00130197054889796	3.40461883884115e-07
14901	0.000122057588111058	0.00117869542047919	8.94500431647529e-08	0.000251809384771749	0.00137465608264418	4.19540186640148e-07	0.000220345259394829	0.00129304640998021	2.4425177027518e-07	0.000162979281433197	0.00125226234113213	1.89091445891441e-07	0.000224157427987388	0.00129476232217182	3.31696237176216e-07
15001	0.00012010800881747	0.00116646224553709	8.12784399482811e-08	0.000247055467830198	0.00136168331035951	3.93544548631645e-07	0.000214705018718326	0.0012814704553468	2.25788909371524e-07	0.000159662821120215	0.00124349109241766	1.76322320018219e-07	0.000221866595939121	0.00128475639602827	3.03115553151264e-07
15101	0.0001165534878915	0.0011567657093106	7.62590710868973e-08	0.000243827633657942	0.00134649381811684	3.85458577715887e-07	0.00021167134859579	0.00126859215756467	2.09021768324805e-07	0.00015450874929298	0.00123930165725992	1.68852123886107e-07	0.000219935728061636	0.00127031081030733	2.96381836684534e-07
15201	0.000115618769390984	0.00114217725790292	7.10397060900402e-08	0.000241890277473557	0.00133346249717635	3.48969895063795e-07	0.000208689745985066	0.00125920669537996	1.94978879614348e-07	0.000154786304504868	0.00122337753223456	1.61835078808976e-07	0.000212608826520088	0.00126502786700776	2.69320591264015e-07
15301	0.000113740955955041	0.00112938978956967	6.32131099174239e-08	0.000235639159418725	0.00132279092747741	3.25025698810554e-07	0.000204512563449905	0.00124389567803914	1.96483705124149e-07	0.000152039097232349	0.00120952685591273	1.50737476888936e-07	0.000209270757064979	0.00125270653910208	2.69020926056766e-07
15401	0.000111387614995956	0.00112235825072036	5.89740905155084e-08	0.000230634518116466	0.00131192385376074	3.32392641136335e-07	0.000199929594041184	0.00123362045229521	1.87764164133144e-07	0.000147183346050387	0.00119611038421369	1.36576864864385e-07	0.000204439722205792	0.00124191709594519	2.45928450423273e-07
15501	0.000108599908935363	0.00110850999684176	5.95248460748711e-08	0.000229857512224957	0.00129912649947544	3.12489255689107e-07	0.000197862309626199	0.00122200651888103	1.79871339948523e-07	0.00014505580340594	0.00118424947587053	1.33373819442728e-07	0.000200275911563198	0.0012298963507057	2.25001570976266e-07
15601	0.000107434491850552	0.00109839455606974	5.3260895189488e-08	0.000221643535990919	0.00129269718435478	3.1757005556248e-07	0.000193894455823705	0.00121324069719236	1.68115170487222e-07	0.000142873790430855	0.0011667903131949	1.28543527383738e-07	0.000194761694548797	0.00122319393694451	2.09430410451387e-07
15701	0.000105987803912496	0.00109376270018653	5.1575902995651e-08	0.000216413619896126	0.0012834662879919	2.82414930102789e-07	0.000189393387780876	0.00120084691431448	1.57785636389767e-07	0.000142305463039147	0.00115830745066143	1.19961918484716e-07	0.000195130432544383	0.00121819656650229	2.04088110112691e-07
15801	0.000104269068463955	0.0010848966595812	4.82802163837824e-08	0.000212750047494228	0.00126572466143481	2.7227417471222e-07	0.000185392804018408	0.00119374714374357	1.53367092811391e-07	0.000137545881404577	0.00114503763711264	1.1497156356491e-07	0.000188375006612736	0.00120509529271128	1.74658979800338e-07
15901	0.000102976332664331	0.00106637741966805	4.45549368964329e-08	0.000210582552300642	0.00125535914994013	2.57375504454772e-07	0.000181155139266341	0.00118376485229779	1.5026735639805e-07	0.000132718096978923	0.00113415230125421	1.07025178094309e-07	0.000185916211432821	0.00119375372835989	1.78296883044673e-07
16001	0.000100068930996286	0.00105616917756801	4.39708555716164e-08	0.000206680430524952	0.001244332088692	2.35135974045126e-07	0.000177293931553645	0.00117808186477023	1.31311752849612e-07	0.000129499717541808	0.00111714944857462	9.37857568953343e-08	0.000182057214359495	0.00118317122106145	1.63891615617549e-07
16101	9.87358392721327e-05	0.00104692980360765	3.97148390588069e-08	0.00020250276572706	0.00123441157928022	2.23048376963926e-07	0.000174809668532013	0.00116719575016761	1.22689319172164e-07	0.000127390860872041	0.0011066552073736	8.84284472201806e-08	0.000178683518805927	0.00117038495294465	1.556056794845e-07
16201	9.7149779648826e-05	0.00103561197715594	3.76497446519267e-08	0.000197852378785881	0.00122564235845374	2.16269249390969e-07	0.000171111963654664	0.00115399236229511	1.18963650547738e-07	0.000125992771656935	0.00109580646241881	9.01376819782672e-08	0.000176284962000076	0.00116253933411752	1.45724908555499e-07
16301	9.59811625851404e-05	0.0010196389321885	3.47306003859171e-08	0.000195174254408592	0.00121942794078235	2.08855753218235e-07	0.000167697036519042	0.00115101006769054	1.13639997837436e-07	0.000123670619949474	0.00108492258997941	8.37315981747614e-08	0.000175260939240741	0.00115315965866798	1.36142742335813e-07
16401	9.09959417222608e-05	0.00100736909819289	3.03329624640931e-08	0.000195565929704768	0.00120637485431799	1.93733746358701e-07	0.000165442676713824	0.00114183533012122	1.00113690597824e-07	0.000121906901849843	0.00107832759121503	7.84654930365629e-08	0.00017329980359835	0.00114422453761091	1.29031333863082e-07
16501	8.94718163398622e-05	0.000996512992338608	2.96154919974051e-08	0.000190908068456845	0.00119910634465843	1.83481527396287e-07	0.000162288754878829	0.00113267535329414	1.00037439812144e-07	0.000120426283399868	0.00107334393627337	7.34217412324269e-08	0.000169935781473448	0.0011357273706952	1.3175210778672e-07
16601	8.82292184381225e-05	0.000982747766378392	2.71051495752678e-08	0.000185366821408986	0.00118606252952361	1.74056472245501e-07	0.000159578615331955	0.00112768665579121	9.30774701940939e-08	0.000118206313652911	0.00106479659825877	7.42903795493789e-08	0.000165313494472231	0.00112863024201598	1.24688959879989e-07
16701	8.7545076156933e-05	0.000971749007016309	2.69248320714856e-08	0.000181896145871132	0.00117872121603959	1.70902436035452e-07	0.000159365883577235	0.00111783877383182	8.64453011756815e-08	0.000114502828585007	0.00105360783739563	7.10105664202854e-08	0.000163888615338629	0.00111829446478534	1.22193056544206e-07
16801	8.56797713228156e-05	0.000963597158347396	2.51693808612084e-08	0.000178483381362281	0.0011686488040206	1.56003513187268e-07	0.000154121143406266	0.00110531561232872	8.44363994214776e-08	0.000112634610066139	0.00104584129045678	6.0642809496517e-08	0.000158588782087602	0.00111041695815952	1.13596678589691e-07
16901	8.4409705005461e-05	0.000955661918424127	2.3463025373375e-08	0.00017766152649703	0.00115653549131114	1.45732334728263e-07	0.000149031210956124	0.00109730044385374	8.19300921414572e-08	0.000109995488509544	0.00103219957156281	5.96387053783322e-08	0.000157039666651474	0.00109804340170979	1.04309101588955e-07
17001	8.19504178158315e-05	0.000945315388980568	2.1062932371153e-08	0.000173411566261688	0.0011468741752953	1.32843932629306e-07	0.000145152219081663	0.00108453600578186	7.61777343293218e-08	0.00010777541338165	0.00102085880439789	5.89720047190535e-08	0.000155269620820471	0.00109265737373199	9.09154260556561e-08
17101	8.09421299208377e-05	0.000936859070572023	2.09622406872555e-08	0.000170890170177578	0.0011360195074052	1.24213165164485e-07	0.000145189147931894	0.00107703257792166	6.94196606205635e-08	0.00010555073607467	0.00101268629179592	5.53543944187959e-08	0.000152726054906346	0.00108228042104799	8.90644240578829e-08
17201	7.83193876867515e-05	0.000927218782691913	2.00780909346891e-08	0.000167036069578157	0.00112565747925745	1.17987071783084e-07	0.000142400569758849	0.00106601353832585	6.69038317721207e-08	0.000103673429192009	0.00100725830219187	5.05459585807454e-08	0.000151371134495182	0.00107432762087593	8.17102927338702e-08
17301	7.737705605949e-05	0.000916990092922864	1.88681298187744e-08	0.000163811388647969	0.00111843702648006	1.17038518444324e-07	0.000140690958787942	0.00105764077482598	6.42454491411959e-08	0.000102043887762407	0.00100040365413114	4.67130443740669e-08	0.000147445711841822	0.00106806291620824	7.77841907194934e-08
17401	7.53388337025181e-05	0.000909371630154519	1.68197839225555e-08	0.000159229279739384	0.00111416445706288	1.04075071657954e-07	0.000137049735646788	0.00104800877076511	5.949335723866e-08	0.000100328432210557	0.000994847466011057	4.65072246811731e-08	0.000145942093092332	0.00106074701463842	7.63969101364962e-08
17501	7.43110393776916e-05	0.000901692354644969	1.57366443220958e-08	0.000156946205118388	0.00110753005940536	9.48582936435879e-08	0.000133747512592993	0.00103917118851873	5.79167152613681e-08	9.7408921045181e-05	0.000991670505724674	4.56749665949843e-08	0.000144253521938992	0.00105177936216489	7.14175966206293e-08
17601	7.40213412897541e-05	0.000893835661073903	1.42599197771079e-08	0.000156267876288691	0.00109707538975408	9.019967871286e-08	0.00013159347321114	0.00102845283337309	5.20416327715169e-08	9.69611842847591e-05	0.000983504079803281	4.68232991518241e-08	0.000140302875491066	0.00104642371232189	6.30453711314295e-08
17701	7.32838680163743e-05	0.000887189243672711	1.35783120721363e-08	0.000152891627798113	0.00108478046210267	8.51867074405645e-08	0.000129109322767714	0.00102358395077779	4.93008501947049e-08	9.57447184170795e-05	0.000969698435288008	4.43977590372875e-08	0.000137310503242619	0.00104148633200416	5.84751440574494e-08
17801	7.27190529621567e-05	0.000880644304501428	1.32860158051019e-08	0.000148693434449553	0.00107247217502381	8.03469382094857e-08	0.000126718012888621	0.00101841023874578	4.70307400818433e-08	9.47594892889671e-05	0.0009651863914883	4.35304136185729e-08	0.000137513487265201	0.00103432080386708	5.42041757299332e-08
17901	7.06872555858963e-05	0.000874251030348434	1.18111632260812e-08	0.000146148642091315	0.00106501419617062	7.48211693469528e-08	0.000123878162668659	0.00100893005472667	4.33774544274041e-08	9.43685542038418e-05	0.000955908783565342	4.24181770213277e-08	0.000136091486415171	0.00102876467081629	5.24456315888687e-08
18001	7.02945120312282e-05	0.000870381180780575	1.08615563455564e-08	0.000143742739966975	0.0010580119929536	7.00286585723573e-08	0.000121920757778722	0.000999489738313095	3.94259367230033e-08	9.1063842118518e-05	0.000948119457922354	3.75509699380874e-08	0.000131924975265285	0.00101742008972126	5.07494553135878e-08
18101	6.96950325809462e-05	0.000864914613200757	1.03529546080457e-08	0.000142891437054751	0.00105187302730663	7.00550930090278e-08	0.000119108636773165	0.000989728825819631	3.96143142359817e-08	8.91821308517754e-05	0.000941300839117314	3.78056174866764e-08	0.00012907838904267	0.00101056285564276	4.53187389633987e-08
18201	6.73281309211655e-05	0.000860457067488999	9.58793868758542e-09	0.000139975864957802	0.0010429051491329	6.68167167182759e-08	0.000119256704478077	0.000981362851717001	3.59068454363555e-08	8.79166781580082e-05	0.000939483778899624	3.2418095559184e-08	0.000124453900178615	0.00100280418222194	4.22274683390229e-08
18301	6.54578933098279e-05	0.000844417698740891	8.5149006675553e-09	0.000137681425910621	0.00103552096481539	6.33292142811011e-08	0.000117004464930632	0.000978558509350432	3.42399615519555e-08	8.69107310601835e-05	0.000927151435546264	3.08816819672721e-08	0.000123010425865028	0.000996397563577464	4.09910527577449e-08
18401	6.3695251820292e-05	0.000838107607812841	8.80954731386821e-09	0.000135809839467651	0.00102880056444395	5.5023369344851e-08	0.000114687109287862	0.000968395572929067	3.15280991079227e-08	8.44918991075059e-05	0.000918082764670745	3.06826214170622e-08	0.000121285182301007	0.000989109239060237	3.75001810433699e-08
18501	6.32175930504476e-05	0.000833547298073419	8.25845212311041e-09	0.000133113112715903	0.00102087493472769	5.37250119806376e-08	0.000111518531231232	0.000966925377603422	2.97746100309674e-08	8.27639858254515e-05	0.000908277888755818	2.66690461880668e-08	0.000120725343208146	0.000979191975640878	3.46152455830426e-08
18601	6.09774995365515e-05	0.000823903399113487	7.92102625701436e-09	0.000130301618365565	0.00100929506652983	5.00568115447346e-08	0.000110514912007019	0.000959101329135198	2.84374452939085e-08	8.09486700870637e-05	0.000901337920887338	2.73992034404975e-08	0.000117955828406591	0.000971320318286957	3.43628965188484e-08
18701	5.98957266629841e-05	0.000812289324917253	6.79447019408432e-09	0.000126614271218316	0.00100391312001881	4.52598268725553e-08	0.000107351944584233	0.000951642280398397	2.53370792061215e-08	7.99901863633237e-05	0.000891905883505199	2.47554268076384e-08	0.000114518928757991	0.000965557541253702	3.2966329063442e-08
18801	5.74571420094198e-05	0.000801174004762356	6.68728089114592e-09	0.000125682711067335	0.000993576114502999	4.27420843014121e-08	0.000106405255466373	0.000943643810235855	2.46266976979662e-08	7.9360050387537e-05	0.000881990375333755	2.25468339437711e-08	0.000113216477534352	0.000959433166468371	3.12312956199551e-08
18901	5.69536568695208e-05	0.00079477159964798	6.28687102251765e-09	0.000125063905431426	0.00098743827099408	4.1160151305552e-08	0.000104989688194095	0.000939546410334748	2.34645219726117e-08	7.7687453835076e-05	0.000872823111034888	2.16673158919758e-08	0.000113289664994414	0.000947752866932948	2.9758144564408e-08
19001	5.5505666537298e-05	0.000785424170201331	6.28919666857589e-09	0.000120065247727586	0.000976339454970394	3.72334224134973e-08	0.000101382120462176	0.000928268758438927	2.16654919017375e-08	7.67064697258611e-05	0.000869141294013791	2.03110672036579e-08	0.000111972140932323	0.000940343885306146	2.87753516157677e-08
19101	5.47620301992776e-05	0.000780575104063492	5.99121999514502e-09	0.000118035221571039	0.000968734205714724	3.72748252081519e-08	9.89418193067341e-05	0.000915071584590536	2.0535317508376e-08	7.53056299288615e-05	0.000861393096081282	1.94631980784787e-08	0.000108032760892783	0.00093313303896738	2.6742314909583e-08
19201	5.3675251709854e-05	0.000773379220255785	5.36298914882709e-09	0.000118858132001508	0.000963646772761672	3.28597145163934e-08	9.62087927764142e-05	0.00090607804816704	1.89877062285689e-08	7.35418021180681e-05	0.000848401448370872	1.86427959329643e-08	0.000106346196938194	0.00092581091442599	2.55633826977647e-08
19301	5.24248275620318e-05	0.000768305673490976	5.03035097487637e-09	0.000117411799797459	0.000956538757637047	3.28699662432249e-08	9.44909850841206e-05	0.000898918129977792	1.83744505701394e-08	7.23078310320319e-05	0.000840973193165345	1.76959438067427e-08	0.000104991532606993	0.000920283529729039	2.37564590322891e-08
19401	5.06916052429318e-05	0.00075833418603105	4.91915251621199e-09	0.000114134363154587	0.000948052781650092	2.94397826185005e-08	9.4085140945182e-05	0.000895636099252811	1.73104840518286e-08	7.11182126385404e-05	0.000832840913734312	1.6333793758948e-08	0.000104365204505723	0.000913806658016528	2.24074259755384e-08
19501	4.98365052763206e-05	0.000748453035575354	4.74650578418197e-09	0.000112164279297513	0.000941435090594728	2.91093984408028e-08	9.28289849935983e-05	0.000890424776041615	1.61240404699872e-08	6.95572176634417e-05	0.00082751622369999	1.61054601196529e-08	0.000102447683895556	0.000908619815563637	2.2196658089877e-08
19601	4.88742725916726e-05	0.00074198378524398	4.26519717100035e-09	0.000112078193601181	0.000934969164431992	2.87017898068332e-08	9.13972859589512e-05	0.000880971617186505	1.5040769873223e-08	6.86788582207124e-05	0.000817140134954058	1.48435953945836e-08	0.000101089323470206	0.000902412808752327	2.04213780432222e-08
19701	4.7212510829693e-05	0.000733431481400051	4.0251357881833e-09	0.00011095106643474	0.000927852007530862	2.78303054998958e-08	9.01887039124779e-05	0.000871588510734374	1.37733515366679e-08	6.82470122496814e-05	0.000811036360362372	1.32356016945145e-08	9.71258693432399e-05	0.000898627325682111	2.05167700048372e-08
19801	4.63784621316625e-05	0.000726844620936019	4.02176893348936e-09	0.000110838985305287	0.000921792658777185	2.74018567389919e-08	8.81324167480609e-05	0.00086431436353475	1.36910538614313e-08	6.69816693919712e-05	0.000805756500205431	1.24176041267176e-08	9.59508108732597e-05	0.000893089950729505	1.8150485758109e-08
19901	4.543527833439e-05	0.000721545394470723	3.99558602561816e-09	0.000109173992081501	0.000916880535132794	2.59254079801892e-08	8.6121957953544e-05	0.000855458103489158	1.36508255729491e-08	6.63556802449248e-05	0.000799283353727162	1.15187068212001e-08	9.44683958959645e-05	0.00088611069450024	1.79972384434304e-08
