t	POCSmin	rNBKmin	NBKmin	POCSmax	rNBKmax	NBKmax	POCSmedian	rNBKmedian	NBKmedian	POCSquant25	rNBKquant25	NBKquant25	POCSquant75	rNBKquant75	NBKquant75
0.013572158	0.0013653237292462	0.0012640380815431	0.000931390000680668	0.00144588426374648	0.00147274414001527	0.00109370391111264	0.00138738989696134	0.00144407226185177	0.00100113585490131	0.00137364238939849	0.00135328587949018	0.000978377886616828	0.00143378993516111	0.00145503787285103	0.00103852103900725
0.027144316	0.00136455578079331	0.00126053936219545	0.000557609988515085	0.00144494503939866	0.00146730188383173	0.000669451454999613	0.00138641249199272	0.0014406949093554	0.000590153589165273	0.00137287094246127	0.00134921129209075	0.000565377003025841	0.00143297669758756	0.0014508202465731	0.000615115769984999
0.040716474	0.00136288431035584	0.00125676316334437	0.000340264847005698	0.0014427921154486	0.00146325023583603	0.000416371017202781	0.00138437261859118	0.00143640274476461	0.000376243071295076	0.00137214324833466	0.00134548457155074	0.000353706408469715	0.00143128529203872	0.00144636880051143	0.000415341495796471
0.054288632	0.00136194991993258	0.00125344145500629	0.000224013859832258	0.0014419042316576	0.00145799805043998	0.00034555224106038	0.00138254465707837	0.00143199020256271	0.000267214344584718	0.00137048805906375	0.00134167372022177	0.000252833193498052	0.00143063951254774	0.00144156475389608	0.000314755976817256
0.06786079	0.00136036704065556	0.00125045827602051	0.000170439023958467	0.00144006728271641	0.00145371224674895	0.000249084149781886	0.00138168881191685	0.0014279099612771	0.000193345686649689	0.00136870657608019	0.00133883700239851	0.000190729781473034	0.00142887201734937	0.00143855848971906	0.000244956201580088
0.081432948	0.00135888787535333	0.00124740541904355	0.000123928040999855	0.00143817915848916	0.00145013122945674	0.000205333274686283	0.00138092554359448	0.00142438782668956	0.000135185727964429	0.00136764182724543	0.00133522112302215	0.000128682297960041	0.00142795813375767	0.00143458614767575	0.000139891268858533
0.095005106	0.00135791523399538	0.00124537335013476	9.79434614520697e-05	0.00143623471698095	0.00144629151373121	0.000150132913534789	0.00137920738057772	0.0014208256379935	0.0001084221992283	0.00136600745833785	0.00133161319088225	9.99114839156796e-05	0.00142625619871764	0.00143062921557961	0.000110092824832261
0.108577264	0.00135607867791363	0.00124255855306432	7.88222533046851e-05	0.00143533028240045	0.00144310793183151	0.000123754633559664	0.00137828257651063	0.00141714856293484	8.61350887970353e-05	0.00136538196160394	0.00132852077456236	8.10304847023185e-05	0.00142521587473043	0.00142623751869331	9.16000074622448e-05
0.122149422	0.00135437602481542	0.00123998266372868	6.46910082372142e-05	0.00143331570404695	0.0014394886042761	0.000104415686944856	0.00137610605757287	0.00141477878124394	7.72459621144547e-05	0.00136366895585168	0.00132539080490503	7.04005917013535e-05	0.00142365995291514	0.00142209002992422	8.01547453130718e-05
0.13572158	0.00135260541342286	0.00123716706016843	5.55987893442684e-05	0.00143240257428277	0.00143626333755036	7.98718339554053e-05	0.00137490244494689	0.00141142938455057	5.8619649009492e-05	0.00136186672010527	0.00132229724165088	5.77319371461382e-05	0.00142200782992984	0.00141913742498127	6.07702622073042e-05
0.149293738	0.00135068027537739	0.00123423226026471	4.55547494030899e-05	0.00143046795728324	0.00143380591956908	6.36951259616872e-05	0.00137337745952893	0.00140804011598188	5.33684617194249e-05	0.00136098038007573	0.00131914845181442	5.08849853886623e-05	0.00142120457604922	0.00141448931869623	5.65519681112876e-05
0.162865896	0.00134923050479631	0.00123130865830336	3.36621981967085e-05	0.00142937569745993	0.0014305442853985	5.75809528599299e-05	0.00137143208283153	0.00140482159853189	3.71705614637003e-05	0.00135909378919828	0.00131617452750972	3.46380620851961e-05	0.00141955372237618	0.00141073885455266	4.66834252830328e-05
0.176438054	0.00134779960981069	0.00122800441130238	2.51079948229166e-05	0.00142771625420095	0.00142731077029778	4.8128302181819e-05	0.00136947333540375	0.00140095739798	3.48073844076757e-05	0.00135849012716981	0.00131334680544153	2.8408054332561e-05	0.00141886752774526	0.00140732992199036	3.89689686177691e-05
0.190010212	0.00134704033306661	0.00122464858851963	2.32797053538967e-05	0.00142597232611867	0.0014240832282008	4.05900173532738e-05	0.00136757298208858	0.00139739262709659	2.84923921397068e-05	0.00135693923187299	0.00131140130986354	2.48499683413586e-05	0.00141711689841671	0.001404546789853	3.45759814312067e-05
0.20358237	0.0013452462733311	0.00122115997223336	1.86754135897008e-05	0.00142409621049713	0.00142006152894768	3.35482337496641e-05	0.00136583371256138	0.00139299508295386	2.32098164640561e-05	0.00135517727137038	0.00130872697743613	1.93297977386407e-05	0.00141634034647384	0.00140169838875878	3.2683658364712e-05
0.217154528	0.00134427515747054	0.00121794283019563	1.57367786396322e-05	0.00142100578196354	0.00141685074718764	2.90317908590896e-05	0.00136408935352747	0.00138861786361615	1.92645696006407e-05	0.00135365587185833	0.00130540061794074	1.66909557394343e-05	0.0014145796264552	0.00139916436714032	2.77499328492478e-05
0.230726686	0.00134289852417365	0.00121375380708861	1.24478825561105e-05	0.001419166618641	0.00141302226059549	2.69023818184369e-05	0.0013615531362529	0.00138536006914085	1.55334084356589e-05	0.0013522808668385	0.00130223358893568	1.27389336824401e-05	0.00141258411883092	0.00139572640799681	2.10384964354795e-05
0.244298844	0.00134186561023076	0.00121167225565681	9.26491772112059e-06	0.00141710822449567	0.00140863019274624	2.49743394934049e-05	0.00135986929275538	0.00138102794698665	1.29652063605151e-05	0.00135045790919507	0.00129898412006792	1.12893907388963e-05	0.00141034654290773	0.0013925157562887	1.78671370930176e-05
0.257871002	0.00134035183372075	0.00120848721743592	8.11376218002696e-06	0.00141541877000424	0.0014056914333174	2.06133471847137e-05	0.00135795585368977	0.00137774897454695	1.0336156534186e-05	0.00134895606279347	0.00129628071164713	1.0168482173231e-05	0.00140867860895675	0.00139029222725424	1.4425793676736e-05
0.27144316	0.00133885498875411	0.00120532791237898	6.18826829177152e-06	0.00141330421549167	0.00140190201094088	1.64245356543508e-05	0.00135630773616206	0.00137342964406865	9.2263554706931e-06	0.00134740485351099	0.00129339222454871	8.02387114327073e-06	0.00140682795480292	0.00138700453443866	1.17299563661028e-05
0.285015318	0.00133751882763715	0.00120250991741973	5.28404835018196e-06	0.00141154092371095	0.00139779676648351	1.37899552807188e-05	0.00135485667700447	0.0013695898632846	7.54755730602973e-06	0.00134569529251245	0.00128927394311532	6.96122621770183e-06	0.00140526650412512	0.00138398945655777	1.02790200800932e-05
0.298587476	0.00133486815819361	0.00119873281910852	4.47247296389479e-06	0.00140959099802221	0.00139472993892349	1.05551108707628e-05	0.00135313295955217	0.00136662610436203	6.6496446056586e-06	0.00134386333739712	0.00128580414645406	6.50814326312479e-06	0.00140352229529544	0.00138087260817823	8.18216162375465e-06
0.312159634	0.0013332492686294	0.00119609732942411	4.03762574299614e-06	0.00140786957354569	0.00139171338174823	9.2123193320248e-06	0.00135223520658847	0.0013626468677853	6.22032923238486e-06	0.00134183757625455	0.00128241836201782	4.9407635781669e-06	0.00140182024609885	0.00137806381345034	7.02312220416291e-06
0.325731792	0.00133173963484833	0.00119281307259509	3.12785913208261e-06	0.00140621366822018	0.00138871718129878	7.56874082089312e-06	0.00135095520647488	0.00135930690295791	4.60984195129829e-06	0.00134015175523045	0.00127961083307858	4.38095919739206e-06	0.00139984710528357	0.00137392107350374	6.40988411002476e-06
0.33930395	0.00132993017637198	0.00118998243023621	2.63151150314112e-06	0.00140415428499327	0.00138557072971814	6.98168819776989e-06	0.0013492446428225	0.00135572220247585	3.95678455977154e-06	0.0013385997349003	0.00127605966954705	3.28991989701781e-06	0.00139740654795108	0.00137105082754904	5.70879931000776e-06
0.352876108	0.0013282933522199	0.00118765121529728	2.23572657876322e-06	0.00140249792578034	0.00138217846182643	5.63256110880558e-06	0.00134736352724773	0.00135214629787873	3.49831698147264e-06	0.00133679263595698	0.00127406257883904	2.3054511607865e-06	0.00139572360615266	0.00136711651448919	4.75727419058504e-06
0.366448266	0.00132677016341006	0.00118515213673577	1.87675559412436e-06	0.00140063039714943	0.00137881098916371	4.53860428274927e-06	0.0013455634407729	0.00134794494202321	3.06093921295929e-06	0.00133520686499247	0.00127100735298884	1.92179295186922e-06	0.0013940047126886	0.00136391508559839	3.91698885311202e-06
0.380020424	0.00132522585186296	0.00118236304979303	1.58673950494369e-06	0.00139848117412713	0.00137542573145117	3.96898477470848e-06	0.00134466434511522	0.00134500929780115	2.69857054879376e-06	0.0013335950716318	0.00126846989705012	1.80423974070617e-06	0.00139261221057786	0.00136038019240648	3.52096140065716e-06
0.393592582	0.00132366798932179	0.00117884898327701	1.27907418670898e-06	0.00139640707827092	0.00137235637084603	3.34792943064431e-06	0.00134308072526953	0.00134178948687031	2.37187217100406e-06	0.00133169628098503	0.00126627805842221	1.39063418184653e-06	0.00139113743676459	0.00135686739434745	2.87401359945124e-06
0.40716474	0.00132205089730153	0.00117594440219354	1.11976216134234e-06	0.00139421817801704	0.00136851935173817	3.13067581481493e-06	0.00134149292803144	0.00133751502352537	1.80041731649999e-06	0.00133022750007411	0.00126321816462377	1.15166210755811e-06	0.00138944859508965	0.00135405167772766	2.45411578692768e-06
0.420736898	0.00132117865441662	0.00117259944604998	8.96231213662351e-07	0.00139250975813542	0.00136549211678335	2.61630386754196e-06	0.00133998873004645	0.00133456815159298	1.74201900307697e-06	0.00132875517969669	0.00126017106301134	1.00327642860165e-06	0.0013876296951014	0.0013497656573389	2.37808194388186e-06
0.434309056	0.00131950877106805	0.00117003401778598	7.87921699585754e-07	0.00139065589636457	0.00136225022728064	2.2528170291665e-06	0.00133829156287369	0.00133139697104148	1.38599564999977e-06	0.00132595518811632	0.00125714864667473	8.54919923975777e-07	0.00138615239896842	0.00134676076154761	2.0329624944725e-06
0.447881214	0.0013184415586453	0.00116723833652904	6.4760621643142e-07	0.00138870925316908	0.00135831594638201	2.00525827195807e-06	0.00133765054068875	0.00132776681912719	1.28497664651821e-06	0.00132412007302437	0.00125441466098693	6.9609131342585e-07	0.00138463663209454	0.00134345797434574	1.72651187433987e-06
0.461453372	0.00131757520670931	0.00116487685931716	5.44718125353822e-07	0.00138670941696622	0.00135495422505689	1.69921225203623e-06	0.00133615133488845	0.00132458776344585	1.06209468823846e-06	0.00132269983628377	0.0012524256000035	6.62141447268513e-07	0.00138290191098531	0.00133941283763962	1.62619542322004e-06
0.47502553	0.00131580902629873	0.00116289843706053	4.30697010873597e-07	0.00138480887235412	0.00135183048807397	1.52169618045113e-06	0.00133447235236715	0.00132208556679599	9.02193470220487e-07	0.00132115164980405	0.00124952874307935	5.4906262883543e-07	0.00138092911220372	0.0013365838294129	1.29365673582579e-06
0.488597688	0.00131403968700146	0.0011602520242626	3.79693776786521e-07	0.00138292965154327	0.00134767029022689	1.24206758579328e-06	0.00133356344391597	0.00131898370432176	7.00338749963442e-07	0.0013193420812185	0.00124669772615735	5.0777467721753e-07	0.00137906559381352	0.00133347465982122	1.07507095206924e-06
0.502169846	0.00131315950723054	0.00115786182991044	3.37427215960431e-07	0.00138128634142183	0.00134480070418544	1.11410990832523e-06	0.00133177024473625	0.00131524858788588	6.36460626550834e-07	0.00131771236372662	0.00124346749111763	4.6190030377094e-07	0.00137748713126663	0.00133015028096409	9.59575151586637e-07
0.515742004	0.00131167013253118	0.00115553106994785	2.82483742836946e-07	0.00137938395376639	0.00134145125822507	1.02650775456389e-06	0.00133027768556315	0.00131212545467059	5.80119907019524e-07	0.00131645594362826	0.00124083616368217	3.4417775427224e-07	0.00137591420346978	0.00132781611504651	8.71611082861407e-07
0.529314162	0.00131035852188034	0.00115365333196367	2.58913239973623e-07	0.00137764023945905	0.00133828226185023	7.78381870919739e-07	0.00132918695791408	0.001309832583246	5.00448942283083e-07	0.0013149735866505	0.00123732695753625	2.84142455501724e-07	0.00137405422044614	0.00132506484570113	7.40831579534221e-07
0.54288632	0.00130856223573898	0.00115107625707254	2.18031773324184e-07	0.00137552651553958	0.00133464695591715	6.61105599364904e-07	0.00132739196177084	0.00130649355766501	3.86826258778638e-07	0.00131369065719979	0.00123468415271713	2.62699469284115e-07	0.00137305953357214	0.00132197199260011	6.33124024149209e-07
0.556458478	0.00130631393981233	0.00114914495389555	1.67844195702704e-07	0.00137390639867603	0.00133129038841778	5.91655399304832e-07	0.00132588288490766	0.00130401722929028	3.35985475401535e-07	0.00131203649352776	0.00123153443616446	2.04965975835751e-07	0.00137143560317864	0.00131859835378137	5.5079654803779e-07
0.570030636	0.00130507993267901	0.00114642215125377	1.57819916277213e-07	0.00137197699027762	0.00132828724716916	5.1187396640158e-07	0.00132520234634206	0.00130064846243676	2.89500241785514e-07	0.0013101675534952	0.00122775654272819	1.69269761242918e-07	0.00136967365139167	0.00131541636579687	4.61515809115678e-07
0.583602794	0.00130364300588877	0.00114348370258017	1.17224631667012e-07	0.00137012917580707	0.00132530376585257	4.82793780120603e-07	0.00132343413687554	0.00129765505109743	2.5676256059663e-07	0.00130853236598978	0.00122568060627137	1.59804031713923e-07	0.00136895210483127	0.0013126984093353	4.22240912979272e-07
0.597174952	0.00130105578836958	0.00114104435568278	9.16721805225145e-08	0.00136826397126643	0.0013220403083913	3.94298649120866e-07	0.00132076471718774	0.0012946679937135	2.2068393322131e-07	0.00130786246705776	0.0012230231387437	1.27339218189758e-07	0.00136740834565356	0.00130977408031853	3.76755181840581e-07
0.61074711	0.00129919590461023	0.0011380229567136	8.46535658347721e-08	0.00136640269785126	0.001319164470554	3.56123486313816e-07	0.00131892519956443	0.00129161496613574	1.61626429716139e-07	0.00130658085147704	0.00122022057409438	1.17610294243635e-07	0.00136560547439665	0.00130644846011781	3.16337125364957e-07
0.624319268	0.00129798246294642	0.00113551037438258	7.24341475971325e-08	0.00136543942571085	0.00131508068119709	3.05342284335331e-07	0.00131687102498631	0.00128923778921378	1.40362930867145e-07	0.00130513069064813	0.00121721698369337	9.26417172201182e-08	0.001364363132833	0.00130370414854507	2.62892295204959e-07
0.637891426	0.00129584135207756	0.00113259533474377	6.19629552987007e-08	0.00136379730912111	0.00131188169515801	2.58258274325342e-07	0.00131394339818394	0.00128506973868845	1.29675024783151e-07	0.00130430089281692	0.00121351088944041	8.53849835188006e-08	0.00136224052215036	0.00130081878688423	2.04048349848677e-07
0.651463584	0.00129431607365208	0.00112974668204011	5.00507621421256e-08	0.00136095234022035	0.00130770400542649	2.27623540197499e-07	0.00131173814946556	0.00128204056763591	1.13704723686216e-07	0.00130261576779842	0.00121037579473525	7.34552926461624e-08	0.0013606355754093	0.0012973983111972	1.76981205653535e-07
0.665035742	0.00129381228184071	0.00112713572949893	4.66448698400363e-08	0.00135921456744828	0.00130437930269119	1.90213701324445e-07	0.0013091453788853	0.00127905906797897	1.03483084711683e-07	0.00130113126297538	0.00120683906855287	6.1296029507309e-08	0.00135902592566848	0.00129381873123311	1.59510110666365e-07
0.6786079	0.00129201299062339	0.00112487227913841	3.69810075832721e-08	0.00135662803121406	0.00130063469826735	1.56484449503139e-07	0.00130760622268197	0.00127591176387566	8.0467816090642e-08	0.00129967261490531	0.00120351470402204	4.83921418403366e-08	0.00135649350234275	0.00129053306484563	1.22076978670929e-07
0.692180058	0.001290263709783	0.00112200250135949	3.34990373239744e-08	0.00135471755736529	0.0012974514582806	1.29246008710698e-07	0.00130587716639076	0.0012720201909026	7.08198812581584e-08	0.00129896536646299	0.00120070730165507	4.60335004419545e-08	0.00135468113439591	0.00128752824617676	1.08244363613133e-07
0.705752216	0.0012895984911779	0.00111964233100091	2.53535222784983e-08	0.00135298771656094	0.00129429631346045	1.07924390106461e-07	0.00130325848717206	0.00126860819485924	6.13461678730473e-08	0.0012973745299235	0.0011971910147531	3.73558560307369e-08	0.00135202478879466	0.0012839226459635	9.63021435305183e-08
0.719324374	0.00128789258649277	0.00111718432667016	2.08997069522741e-08	0.00135146265203977	0.00129049422097755	9.02077305653982e-08	0.00130164682329582	0.00126594280655879	5.43661048255848e-08	0.00129570258005835	0.0011939488577169	3.18575458625679e-08	0.00135022889794677	0.0012807712156676	8.16095958593941e-08
0.732896532	0.00128630530740561	0.00111469185161371	1.94418305939859e-08	0.00134913668796531	0.0012872202122597	7.58240835492582e-08	0.00129995429509363	0.00126305070368323	4.68620904302536e-08	0.00129481961071763	0.00119069968803124	2.83433344203624e-08	0.00134837966897926	0.00127670134910033	7.20683820009188e-08
0.74646869	0.00128512817588332	0.00111244395643011	1.440934156509e-08	0.00134736478852715	0.0012846467454625	6.77059727453207e-08	0.00129895772665577	0.00125881419657137	3.78294591484052e-08	0.00129335996099821	0.0011878574301062	2.50712328760882e-08	0.00134623281546567	0.00127386159804434	5.89241665020345e-08
0.760040848	0.00128366525904426	0.00110940791015583	1.20321239559996e-08	0.00134594740269121	0.00128073682851005	5.43824352728582e-08	0.00129713514856135	0.00125567386694606	2.98682703883498e-08	0.00129174787420495	0.00118516860008212	2.09180724007769e-08	0.00134336198672822	0.00127079669403297	5.06599591857626e-08
0.773613006	0.0012813903536913	0.00110718924569791	1.01469413402996e-08	0.00134409515163121	0.00127770957503404	4.77993169585211e-08	0.0012953397314437	0.00125264779514461	2.54462125554167e-08	0.00128928434087839	0.0011825986882	1.88341245789764e-08	0.00134171908755741	0.00126789914193068	4.51394882801646e-08
0.787185164	0.00127965371689945	0.00110477500240297	8.90278915049524e-09	0.00134263887416819	0.00127487629969635	4.16604496753202e-08	0.00129367091245341	0.00124941238041098	2.250168758775e-08	0.00128776215347034	0.00117981734885178	1.61507654639067e-08	0.00133964422941898	0.00126459863150949	3.74792362311496e-08
0.800757322	0.00127805558117584	0.00110246741718739	7.31973440265927e-09	0.00134115199150894	0.00127210936418729	3.48818204325105e-08	0.00129210026377799	0.00124663208062461	1.85240988601101e-08	0.00128644188918233	0.00117764973215407	1.33351912346234e-08	0.00133811330131502	0.00126132080349909	3.30097868149451e-08
0.81432948	0.00127659392438267	0.00109935776790766	6.21547201771775e-09	0.00133898597073347	0.00126908635352847	3.18419649791489e-08	0.00129057886300597	0.001243738926062	1.72786832145713e-08	0.00128502747978792	0.00117486470275129	1.27233804773894e-08	0.00133668588977657	0.00125753869211274	2.99553972567448e-08
0.827901638	0.00127414353181115	0.00109689562924584	5.30867695301898e-09	0.00133705137865408	0.00126591875537795	2.75585017203262e-08	0.00128811439862738	0.00124112283255644	1.44824198769026e-08	0.00128378477013503	0.00117231247514198	1.1219832499664e-08	0.00133492252408138	0.00125491674459587	2.62292822631394e-08
0.841473796	0.00127251705019477	0.00109397793078617	4.24163291659271e-09	0.00133537407447842	0.0012630545833209	2.29108316130396e-08	0.00128627169670807	0.00123793620550152	1.29034096768252e-08	0.00128235081312018	0.00116926482930153	9.26310529800872e-09	0.00133307936368361	0.00125215989928803	2.26073507363173e-08
0.855045954	0.00127016271168853	0.00109163787183653	3.34045526453725e-09	0.00133384308844286	0.00125975573567459	2.02698390418203e-08	0.00128352579845117	0.00123408831603916	1.02962639684604e-08	0.00128171118325418	0.00116671986832118	8.49483342353481e-09	0.00133040191263163	0.00124886096810296	2.00550390731526e-08
0.868618112	0.00126853774793782	0.00108920258696582	2.79579170547325e-09	0.00133232462102076	0.00125680478145474	1.75072552804094e-08	0.00128176122278707	0.00123122550097303	9.48256501877969e-09	0.00127957102011513	0.00116459717361945	6.96137004588336e-09	0.00132844209072033	0.00124615846982345	1.71028137518479e-08
0.88219027	0.00126711019263517	0.00108612446991739	2.34192061942672e-09	0.00133112672017765	0.00125369153140498	1.67134653356809e-08	0.00127928007700374	0.00122843986343326	8.3437071165284e-09	0.00127794461496783	0.00116155731794263	6.26664645565611e-09	0.00132673795102238	0.00124272489367208	1.56481544766685e-08
0.895762428	0.00126535864752244	0.00108395507082719	2.10195191987531e-09	0.00132967969596007	0.00125092975911945	1.43180326695344e-08	0.00127787171619505	0.00122525642979734	6.98127104532546e-09	0.00127643253855835	0.00115891239841192	4.90882052132637e-09	0.00132513593733007	0.00123987270750016	1.29878251354015e-08
0.909334586	0.0012643500741648	0.00108112451806792	1.65279795120745e-09	0.00132820546676916	0.00124782672212659	1.23802411747143e-08	0.00127633358218769	0.00122217207045174	6.29250644102681e-09	0.00127443397993772	0.00115566465581879	4.39514321948364e-09	0.00132279528877378	0.00123712509783523	1.10736439265343e-08
0.922906744	0.00126256068552953	0.0010787865013421	1.46326719787053e-09	0.0013268397994435	0.00124472850155933	1.0968464902548e-08	0.00127497382744607	0.00121898099061953	5.27486663098708e-09	0.00127281948700648	0.0011526052092193	3.8301633049805e-09	0.00132100583890705	0.00123398901194879	9.23177092297148e-09
0.936478902	0.00126112095574859	0.00107688189938386	1.19660410497003e-09	0.00132526032295687	0.00124103145293549	9.60713322645237e-09	0.00127342883658909	0.00121684251853358	4.55251647909793e-09	0.00127136950747805	0.00114986988031652	3.19272925925517e-09	0.00131863909356152	0.00123014662078192	8.23093078631896e-09
0.95005106	0.00126029341935798	0.00107441766475454	1.07368139404547e-09	0.00132372397115063	0.00123834423129808	8.96488168670549e-09	0.00127149648602029	0.00121387944718205	4.04265180803306e-09	0.00126906728812245	0.00114755319945941	2.91719041329364e-09	0.00131710845313382	0.00122734391283846	7.18912114127396e-09
0.963623218	0.00125891452271962	0.00107193711833023	9.24151450193591e-10	0.00132139641657107	0.00123544159962147	6.98704864915296e-09	0.00127006846344228	0.00121157569181632	3.39682041104956e-09	0.00126753559000309	0.00114467288730618	2.46867890787192e-09	0.00131533460770391	0.00122481223343031	6.9646040849754e-09
0.977195376	0.00125706657816521	0.00107040146104575	8.46450988067797e-10	0.00132016130871563	0.00123152476598189	6.20722131748465e-09	0.00126879358058182	0.00120852485939763	2.75413955650416e-09	0.00126577476643464	0.00114228141916331	2.45771872576013e-09	0.00131370508595877	0.00122179550278025	6.03794128651406e-09
0.990767534	0.00125633808122253	0.00106804301551735	7.48800015279322e-10	0.00131784618897111	0.00122895350594395	5.46058167221165e-09	0.0012671015632646	0.00120664877314164	2.31867194000816e-09	0.00126347005955863	0.00113966284612529	2.29238510732968e-09	0.00131225361320177	0.00121895649192866	4.7897080353118e-09
1.004339692	0.00125441739992339	0.00106532011470311	6.47107491745443e-10	0.0013162868141397	0.00122523301161088	4.73883878352838e-09	0.0012653747722954	0.00120379854277958	2.0916726433527e-09	0.00126199745159688	0.00113733537316055	2.06752453945869e-09	0.00131029941215666	0.00121533171056071	4.13149013836697e-09
1.01791185	0.00125301188500496	0.00106289517108907	6.10977233981331e-10	0.00131383426120533	0.00122143990986085	3.95895056883527e-09	0.00126390308147986	0.00120136514875197	1.69952814162898e-09	0.0012604059564374	0.00113513190163531	1.63226301913795e-09	0.00130854507735245	0.00121284070506147	3.36222815240247e-09
1.031484008	0.00125151573166769	0.00106084708174838	5.77463762388868e-10	0.00131215644760983	0.00121871089958451	3.50296506907299e-09	0.00126131114432118	0.0011988033895215	1.39896496131654e-09	0.00125899693015305	0.00113307329081649	1.30252734206656e-09	0.00130657624643397	0.00121001676095216	2.82538753375362e-09
1.045056166	0.0012503145439574	0.00105838422390663	5.73529391226278e-10	0.00131010064656321	0.00121609773917804	2.90915222440817e-09	0.00125992586929442	0.0011961806121761	1.32305014778757e-09	0.00125827340394752	0.00113069765070422	1.12669692243403e-09	0.00130468406437972	0.00120686716959348	2.28188873485916e-09
1.058628324	0.0012480947625165	0.00105602780966913	5.52604715302398e-10	0.00130850824179245	0.00121329971445832	2.38148148054913e-09	0.00125751601416722	0.0011933502885639	1.03813896596454e-09	0.00125668603214248	0.00112832248953459	9.58186563784963e-10	0.00130203316744517	0.00120381674478934	1.90565404868978e-09
1.072200482	0.00124653859861807	0.00105392324193574	5.42751944233389e-10	0.00130695665015442	0.00121024097405034	1.96403463382839e-09	0.00125586252811846	0.00119065841830516	9.26517963803934e-10	0.00125534183567334	0.00112567871437637	8.68773341608314e-10	0.00130036348677602	0.00120094390204656	1.64286956243019e-09
1.08577264	0.00124441722846028	0.00105148031072756	5.15314170652137e-10	0.0013055699542393	0.0012074224467612	1.76952147486747e-09	0.00125397930039098	0.0011869235385381	8.2329997739734e-10	0.00125315983286219	0.00112326159319016	8.23194679850062e-10	0.00129867422782599	0.00119819760946322	1.39416032739369e-09
1.099344798	0.00124319193820223	0.00104957988426298	5.1421941244669e-10	0.00130390827328048	0.00120462055307301	1.51111376830954e-09	0.00125335611476264	0.0011840915493916	7.86055474962467e-10	0.00125153368711392	0.00112071430191488	7.11063698906275e-10	0.00129710638054761	0.00119546749271218	1.2176535519199e-09
1.112916956	0.00124172956231608	0.00104769125713053	5.14218335773076e-10	0.00130229098241581	0.00120167777001281	1.37796329574415e-09	0.00125210466496651	0.00118183876886943	7.26890527769068e-10	0.00124886857645131	0.00111811924071885	6.91538051579102e-10	0.00129618568270825	0.00119258114289951	1.06146532320033e-09
1.126489114	0.0012402659206101	0.00104534369191124	5.14217257210925e-10	0.00130099343349647	0.00119836418128684	1.19393329842929e-09	0.00125060229860042	0.00117937775684234	6.64602547305221e-10	0.00124734583195474	0.00111596095160869	6.36984084791714e-10	0.0012934925364453	0.00119006576891176	9.68786957468095e-10
1.140061272	0.00123861518411271	0.00104358150457349	5.14216190501701e-10	0.00129953462383525	0.00119544086715268	1.00678126805947e-09	0.00124789211726705	0.0011767531830953	6.12831614865883e-10	0.00124497697806997	0.00111325178724168	5.75930301423941e-10	0.00129170037497829	0.00118798660505911	8.05484455267742e-10
1.15363343	0.001237343014396	0.00104214671185072	5.14215080182719e-10	0.00129719604822512	0.00119178632083741	9.57565826917025e-10	0.00124655195193921	0.00117326808887519	5.94911038306777e-10	0.0012432725993345	0.00111104808619535	5.79525735591308e-10	0.00128990733790375	0.00118526880208462	7.22904549248101e-10
1.167205588	0.00123511720973568	0.0010400541443836	5.14214073964023e-10	0.00129547058675265	0.00118895054388829	8.12854010091105e-10	0.00124388098117379	0.00117056737700084	5.8046367910329e-10	0.0012415568433486	0.00110872635967228	5.71596766465011e-10	0.00128737308657175	0.00118341421848221	6.89125360028684e-10
1.180777746	0.00123373883215313	0.0010377638926863	5.14212836827001e-10	0.00129403301898124	0.00118601706930865	7.25796110210262e-10	0.00124224640760907	0.00116781303367175	5.67894430659182e-10	0.00124015807457462	0.00110624981472839	5.60989586736743e-10	0.00128492190301267	0.00118071323584784	6.69907925681605e-10
1.194349904	0.00123196078274529	0.00103613247489779	5.14211871531417e-10	0.00129197055925599	0.00118433289234011	6.44010183275812e-10	0.00123962043097649	0.00116521472447854	5.50513121643885e-10	0.0012385900955384	0.00110394658105416	5.33235526404092e-10	0.00128336706115856	0.00117855899346791	6.13998026598108e-10
1.207922062	0.00123036736706523	0.00103387887887064	5.14210666509243e-10	0.00129036250954719	0.00118168049265383	6.27932147490609e-10	0.00123801163085104	0.00116306001371099	5.37719249537417e-10	0.00123707974749727	0.00110143209737758	5.37166256978599e-10	0.00128089756654557	0.0011756451324735	5.99886636334161e-10
1.22149422	0.00122859288467783	0.00103193968176622	5.14209707815675e-10	0.0012888855207874	0.00117894670710495	6.00673697138715e-10	0.00123581506933779	0.00116043000414575	5.36118820320807e-10	0.00123541349971069	0.00109892131791027	5.33697710521164e-10	0.00127922172322179	0.00117328681157213	5.97947067493018e-10
1.235066378	0.00122720242650101	0.00103007375437569	5.14208793235672e-10	0.00128735440030635	0.00117703327519208	5.70316556323948e-10	0.00123445835789856	0.00115842992651822	5.35071896499413e-10	0.00123350685644769	0.00109664334266857	5.32335865994e-10	0.00127763307896261	0.00117017258513196	5.6955832296821e-10
1.248638536	0.00122581459375827	0.00102813093510454	5.14207734781202e-10	0.00128662685113101	0.00117429247209481	5.64926900668529e-10	0.00123267192479216	0.00115633742345806	5.38419863326876e-10	0.00123096630106736	0.00109381623976488	5.32334615793814e-10	0.00127597708895428	0.00116754072727433	5.5444622743925e-10
1.262210694	0.00122432201460777	0.00102589417936316	5.14206877422466e-10	0.00128520701359639	0.00117170673514736	5.50609821993952e-10	0.00123109979319457	0.00115394387336155	5.38418525620447e-10	0.00122937682316071	0.00109118935812416	5.32333568542615e-10	0.00127428337692356	0.00116510173960326	5.49849389497528e-10
1.275782852	0.00122271965678916	0.00102363336576092	5.14205737717946e-10	0.00128382547483762	0.00116853733869307	5.54676473724691e-10	0.00122962888807732	0.00115173090739777	5.40166736584924e-10	0.00122850751809933	0.0010886244375701	5.32332643990336e-10	0.00127254441792717	0.00116219911270958	5.41306154760325e-10
1.28935501	0.00122059039940735	0.00102210071566209	5.1420479866904e-10	0.00128251156344734	0.00116586400723927	5.55609129484988e-10	0.00122805504840982	0.00114920549636997	5.39171014839382e-10	0.00122713191183869	0.00108619522925315	5.32331536501818e-10	0.00127076904741536	0.00116025304162839	5.39345148711253e-10
1.302927168	0.00121915812245997	0.00102029588251791	5.14203688070646e-10	0.00128105343308184	0.00116323554141118	5.49926210052302e-10	0.00122678542901633	0.00114637093196293	5.33187815732203e-10	0.00122576658003193	0.00108358100564233	5.32330618722115e-10	0.00126832602294246	0.00115781668917354	5.39344202220662e-10
1.316499326	0.00121709182502134	0.00101827840623282	5.14202738405084e-10	0.00127966913199295	0.00116053257100119	5.52328641974633e-10	0.00122545721684445	0.00114372557568352	5.33187053256236e-10	0.00122434242133349	0.00108143532277471	5.32329797525082e-10	0.00126693211032979	0.00115518361562109	5.39343389730246e-10
1.330071484	0.00121565499585589	0.00101651194825137	5.14201634197619e-10	0.00127892043852344	0.00115791966913684	5.52327601667908e-10	0.00122403791780808	0.00114115452778188	5.33186480041281e-10	0.00122278490136941	0.0010792689924358	5.32328693524097e-10	0.001265161437978	0.00115235541279127	5.39342481751956e-10
1.343643642	0.0012142808350359	0.00101437031530902	5.14200573263161e-10	0.00127747342554657	0.00115549877768947	5.43077027421805e-10	0.00122312072322066	0.00113847108310667	5.33185711973467e-10	0.00122075687042822	0.00107688755701915	5.32327968756683e-10	0.00126368012080148	0.00114963636855686	5.39341584125184e-10
1.3572158	0.00121314692936898	0.00101276605190369	5.14199522588973e-10	0.00127605190050397	0.0011527709009929	5.39340650671149e-10	0.00122201636573772	0.00113540424681529	5.32326848479376e-10	0.00121904195884501	0.00107438676980714	5.3041751526119e-10	0.00126095710881557	0.00114666883619596	5.33185136552848e-10
1.370787958	0.00121118325916463	0.00101067615395555	5.14198312108639e-10	0.0012743999563097	0.001149758502184	5.39339741494651e-10	0.00122061817120407	0.00113222028414194	5.32326299488399e-10	0.00121679022811123	0.00107275949485516	5.3041687819324e-10	0.00125932481756771	0.00114418282629253	5.3318435883337e-10
1.384360116	0.00120996967317272	0.00100835050744188	5.14197200242178e-10	0.00127289937095012	0.00114728934220406	5.39338772860834e-10	0.00121882121974871	0.00112959377422704	5.32325406494149e-10	0.00121462549655231	0.0010701958969009	5.30416121718743e-10	0.00125674134463413	0.00114093611318462	5.33183529034508e-10
1.397932274	0.00120806518488845	0.00100616077099938	5.14196068287401e-10	0.00127162766251289	0.00114475865020505	5.39337164079648e-10	0.00121729922844521	0.00112629657438894	5.32324543282722e-10	0.00121310082082694	0.00106738275827145	5.30415254672417e-10	0.0012548269139252	0.00113789605236895	5.33182792805008e-10
1.411504432	0.00120668227951313	0.00100430649100416	5.14194959065815e-10	0.00126936576525492	0.00114231798427858	5.39336230771583e-10	0.00121538221132798	0.00112294953080048	5.3232357087478e-10	0.00121059800949155	0.00106501358324043	5.30414489728402e-10	0.00125272103905596	0.00113540070369991	5.33181661053488e-10
1.42507659	0.00120428775294007	0.00100150905048751	5.14193852246202e-10	0.0012679734711731	0.00113950646342603	5.39335140970847e-10	0.00121403418972281	0.00112044305346676	5.32322912332197e-10	0.00120913227337271	0.00106276648129134	5.30413747523465e-10	0.00125127046366657	0.00113229386544126	5.33180732274177e-10
1.438648748	0.00120270174209493	0.000998846278825036	5.14192468049693e-10	0.00126574438196775	0.00113768131535102	5.39334012960314e-10	0.00121289018239028	0.001117296912389	5.32321911856867e-10	0.00120730216620049	0.00106107810212191	5.30413030673777e-10	0.00124889820828517	0.00112997133068143	5.33179799613792e-10
1.452220906	0.00120075963034352	0.000996701822238503	5.14191484117524e-10	0.00126361705782622	0.00113475509214175	5.39332886123587e-10	0.00121140122354313	0.00111525672208322	5.32321058279607e-10	0.00120474824993068	0.00105864055348176	5.30412077528293e-10	0.00124728392828278	0.00112707565201084	5.33178811406421e-10
1.465793064	0.00119936121081199	0.000993900803222011	5.14190477179339e-10	0.00126213716447681	0.00113200393049692	5.39331772620927e-10	0.00121013266324003	0.00111300173809535	5.32319989387315e-10	0.00120222250302096	0.00105621186879364	5.30411218705796e-10	0.00124542642446888	0.00112440775798907	5.33178019261727e-10
1.479365222	0.00119804001233202	0.000991690934189456	5.14189875976395e-10	0.0012600378801921	0.00113004120510662	5.39330700027833e-10	0.00120873792377812	0.00111114499002472	5.32319316290583e-10	0.00120085850890132	0.00105349191186957	5.3041037440435e-10	0.0012427455260199	0.00112136953223853	5.33177018461339e-10
1.49293738	0.00119571849952555	0.000989456347008659	5.14188767285078e-10	0.00125862970206115	0.00112763212906207	5.39329651557115e-10	0.00120736485958085	0.00110786491006085	5.32318389013766e-10	0.00119886511766283	0.00105079566404116	5.30409571457905e-10	0.00124124059370515	0.00111879673610703	5.33176277467149e-10
1.506509538	0.00119442900777954	0.000987391348021046	5.14187817025232e-10	0.00125729560535962	0.00112488883930115	5.39328595589875e-10	0.00120601175866882	0.00110532154826748	5.32317529090764e-10	0.00119749869207846	0.00104910594128922	5.30408709997988e-10	0.00123959104565593	0.00111661470153021	5.33175428964845e-10
1.520081696	0.00119243650385131	0.000984830477898759	5.14186360671937e-10	0.00125536916522238	0.0011222036503732	5.39327509305942e-10	0.00120420353702891	0.00110281449529587	5.32316422010896e-10	0.00119587351909874	0.00104713231614545	5.30408006300389e-10	0.00123794113184618	0.00111397734193833	5.33174831772715e-10
1.533653854	0.00119105254122277	0.00098282311526605	5.14185131002421e-10	0.00125403352810245	0.00111942161639253	5.39326589593922e-10	0.00120251613056762	0.00109959076617082	5.32315525130702e-10	0.00119421659021772	0.0010449909633003	5.30407115498711e-10	0.0012363824329995	0.00111179378507087	5.3317407037309e-10
1.547226012	0.00118948219814411	0.000980894858943007	5.14183997828513e-10	0.00125249882268038	0.00111698072701754	5.39325714626158e-10	0.0012006689369347	0.00109712461873033	5.32314762386297e-10	0.00119203334202549	0.00104217959440445	5.30406160147966e-10	0.00123471691262071	0.00110935595702706	5.33173242316795e-10
1.56079817	0.00118821691039761	0.000978791341115936	5.14182637177405e-10	0.00125096017197215	0.001113918061269	5.39324404296116e-10	0.00119902688803247	0.00109463097013078	5.32313853946995e-10	0.00119072055456664	0.00103998718355408	5.30405291340317e-10	0.00123316466609196	0.00110698719641245	5.33172364576088e-10
1.574370328	0.00118666381767232	0.000976098742684238	5.1418173289408e-10	0.00124889751286087	0.00111040092826141	5.39323259593957e-10	0.00119753628191853	0.00109243227568792	5.32312984041342e-10	0.00118928289638986	0.00103710282047763	5.3040453846812e-10	0.00123153167920559	0.00110471219847219	5.33171827179896e-10
1.587942486	0.00118446053564665	0.000973593476394685	5.14180520404026e-10	0.00124733447017407	0.00110774752286045	5.39322444686161e-10	0.00119620511290519	0.00109000251313571	5.3231171638352e-10	0.00118782959635375	0.00103415035920036	5.304035898714e-10	0.00123030945857484	0.00110224099552668	5.33171350422524e-10
1.601514644	0.00118304213722858	0.000971341870321193	5.14179561615491e-10	0.00124512196077416	0.0011045343984254	5.39321328454889e-10	0.00119498749438582	0.00108755564407924	5.32310732976183e-10	0.00118521346410088	0.00103151863590665	5.30402648393909e-10	0.00122786856506195	0.00109944289302786	5.33170743651047e-10
1.615086802	0.0011816200700221	0.000968389170724768	5.14178067408613e-10	0.00124363912669232	0.00110155889508881	5.39319994164635e-10	0.00119312424927805	0.00108492368090337	5.32309578275354e-10	0.00118372243385792	0.0010297416443264	5.30401743928465e-10	0.00122642506038973	0.00109722241863865	5.33169878700102e-10
1.62865896	0.00118032144300046	0.000966292662781611	5.14176971825452e-10	0.00124244174205653	0.00109854056773092	5.39318865674065e-10	0.00119196281853607	0.00108273519143765	5.32308712491043e-10	0.0011823491871344	0.00102699031947775	5.30400844821916e-10	0.00122434534670173	0.00109489124482603	5.33169032063005e-10
1.642231118	0.00117901420276244	0.000964286276830739	5.14175815046625e-10	0.00124028087539532	0.00109588326779644	5.39318217588104e-10	0.00119053910313215	0.00108047285280154	5.32307869384375e-10	0.00118103409091125	0.00102413313433494	5.3040005894862e-10	0.00122268121361581	0.00109234258417082	5.33168215566791e-10
1.655803276	0.00117764544469039	0.000962534909365919	5.14174739284087e-10	0.0012390643904865	0.00109280319503933	5.39317225195012e-10	0.00118906928414636	0.00107732556117123	5.32306483608262e-10	0.00117887043501511	0.00102161964294673	5.30399045550288e-10	0.00122010041456051	0.00108971250432701	5.33167409697621e-10
1.669375434	0.00117550901317166	0.000960039039512537	5.14173641887122e-10	0.00123741463098615	0.00109045104314617	5.39316054019158e-10	0.00118763905398432	0.00107478585485705	5.32305652645818e-10	0.0011775024090178	0.00101890492989258	5.30398058907722e-10	0.00121855430681215	0.00108720358953703	5.33166365899616e-10
1.682947592	0.00117412681035068	0.000958248591821611	5.14172545859986e-10	0.00123587835596042	0.00108782664994806	5.39315008645876e-10	0.00118640726882684	0.00107242610490224	5.32304717174534e-10	0.00117594211131339	0.00101628195559148	5.30397490454151e-10	0.00121684730211614	0.0010849081539273	5.33165467736501e-10
1.69651975	0.00117294593520172	0.000956438804891194	5.14171582129956e-10	0.00123446577168766	0.0010845750487864	5.39314211116813e-10	0.00118492290587152	0.00106956567152012	5.3230402977818e-10	0.00117453179720564	0.00101334916820449	5.30396541418816e-10	0.00121473553521066	0.00108253769820045	5.33164592090091e-10
1.710091908	0.00117066545593479	0.000954242642689097	5.14170665554612e-10	0.00123293167180252	0.0010819549481197	5.39312917543124e-10	0.00118344734131911	0.00106742331969643	5.32303173437972e-10	0.00117256735178933	0.00101096390531137	5.30395806263541e-10	0.0012131769089394	0.0010798108982319	5.33163610782451e-10
1.723664066	0.00116927556717171	0.000951964292230771	5.14169523938624e-10	0.00123155971456897	0.00107950562355044	5.39312026500492e-10	0.00118230329223038	0.00106487033606348	5.32302184140499e-10	0.00117126823498756	0.00100893709571858	5.30395011926231e-10	0.00121182336715021	0.00107762601567677	5.3316280085407e-10
1.737236224	0.00116795676609567	0.000949614869287744	5.14168789071946e-10	0.00122957268147041	0.00107714732229464	5.39311282643196e-10	0.00118155328804425	0.00106268444484634	5.32301151480683e-10	0.00116998377700423	0.00100685700068962	5.30393993268647e-10	0.00121009974062946	0.00107506740392401	5.33161951076554e-10
1.750808382	0.00116636170897593	0.000948201581417491	5.1416788193566e-10	0.00122808525385623	0.0010753129356016	5.39310104189142e-10	0.00118031566306594	0.00106000615850079	5.3229966078369e-10	0.00116795897340713	0.00100372128772955	5.30393160910868e-10	0.00120784826999378	0.00107301463106221	5.33161004676489e-10
1.76438054	0.00116504051652523	0.000945681271766328	5.14166786042772e-10	0.0012269265851224	0.00107194332727557	5.39309056262237e-10	0.00117900729954086	0.00105757762528703	5.32298676093717e-10	0.00116651936686628	0.00100171311430459	5.30392327766733e-10	0.00120626599678826	0.00107062567569051	5.33160147362107e-10
1.777952698	0.00116358552363569	0.000943622018778753	5.14166004452633e-10	0.00122551144277968	0.00106998885462186	5.39308021064829e-10	0.00117781730084954	0.00105490735211433	5.32297751646932e-10	0.00116509662999483	0.000999443166195404	5.30391323873457e-10	0.00120362209716516	0.00106849650924368	5.33159276669521e-10
1.791524856	0.00116238394679325	0.000941146087232377	5.1416484605975e-10	0.00122336994335049	0.00106766838094729	5.39306724422503e-10	0.00117698006812483	0.00105200739568301	5.3229669279439e-10	0.00116371001114122	0.000997396668162231	5.30390246669424e-10	0.00120196814638696	0.00106611974039136	5.33158628538617e-10
1.805097014	0.00116103675974026	0.000939177190360127	5.1416365253639e-10	0.00122127180426494	0.00106471309183124	5.393056965772e-10	0.00117557387589005	0.00104959832495942	5.32295738897785e-10	0.00116182888413782	0.000995454628763472	5.30389464447615e-10	0.00119973458189538	0.00106390010732027	5.33157752489436e-10
1.818669172	0.00115955547553322	0.000936818738459928	5.14162533805248e-10	0.00121980371272546	0.00106222716092379	5.3930433673318e-10	0.00117447470494197	0.00104695107879378	5.32294897237244e-10	0.00116009112103906	0.000993504944183042	5.30388773612017e-10	0.00119823115512155	0.00106097417289006	5.33156899522976e-10
1.83224133	0.00115841913159965	0.000934787432535478	5.14161343524188e-10	0.00121797523498189	0.00105982264969402	5.39303342400632e-10	0.00117332400909472	0.00104404378508225	5.32293960709077e-10	0.001158536747834	0.000991279094043064	5.30387850587412e-10	0.00119596418306849	0.00105851442344352	5.3315600642338e-10
1.845813488	0.00115704396574939	0.00093288693068944	5.14160136267117e-10	0.00121685285544663	0.00105757747655735	5.3930251200246e-10	0.00117209944526127	0.00104173969919144	5.32293407175932e-10	0.00115728949229819	0.000989253710022802	5.30386711792082e-10	0.00119424038316037	0.00105561067710647	5.3315489072566e-10
1.859385646	0.00115522683602293	0.000930474376075628	5.14158960883277e-10	0.00121452373848041	0.00105488538104603	5.39301507715589e-10	0.00117078403873058	0.00103895670187827	5.32292404101203e-10	0.00115573295474066	0.000986593544596365	5.30385828183992e-10	0.0011919181813674	0.00105301764604914	5.33153974111633e-10
1.872957804	0.00115349930379024	0.000928532145228951	5.14158106386121e-10	0.0012130396689383	0.00105265276695167	5.39300459424687e-10	0.00116936575142362	0.00103649782627481	5.32291521818875e-10	0.00115395718440357	0.000984420266217032	5.30384946011127e-10	0.00119025892338591	0.00105077547140504	5.33153128266086e-10
1.886529962	0.00115164646009697	0.000926534714967897	5.14157083393108e-10	0.00121096896763364	0.00104975828798801	5.39299422625991e-10	0.00116802339116875	0.00103489758766574	5.3229055414672e-10	0.00115260916167192	0.000982196040484184	5.30384128562363e-10	0.00118909503556919	0.00104783348676599	5.3315227433136e-10
1.90010212	0.001150222548141	0.000924757561186656	5.14155727843985e-10	0.00120969457081218	0.00104770739292304	5.39298436757359e-10	0.00116677180155115	0.00103195198868384	5.32290021195835e-10	0.00115045907320455	0.000979766803665451	5.30383049749262e-10	0.00118706104124492	0.00104533210393153	5.33151518515387e-10
1.913674278	0.00114854477785321	0.000922666489716175	5.14154635932243e-10	0.00120826844159362	0.00104527053547615	5.39297412923809e-10	0.00116546189984518	0.00102985949036396	5.32289105537159e-10	0.00114896510021873	0.00097754462528295	5.3038207756999e-10	0.00118543267327637	0.00104320614115498	5.33150651398977e-10
1.927246436	0.00114685115835575	0.000920874677196123	5.14153192044818e-10	0.0012063315210121	0.00104278935441013	5.39296752024441e-10	0.00116445339111384	0.00102766120249472	5.32288148598286e-10	0.00114704838392199	0.000975773676041241	5.30381065047692e-10	0.00118358729192174	0.00104118728035894	5.33149777426008e-10
1.940818594	0.00114521816753549	0.000918750666248969	5.14152020049104e-10	0.00120514488853949	0.00104092283702642	5.39295773444973e-10	0.00116304683862333	0.00102457665703675	5.32287234308161e-10	0.00114538970653715	0.000973790573223499	5.30379953624957e-10	0.00118246846844804	0.00103901232201118	5.33149000304105e-10
1.954390752	0.00114389059612516	0.000917524429846277	5.14150675170559e-10	0.00120379805589265	0.00103841837879217	5.39294692772133e-10	0.00116102297194328	0.0010223057318796	5.32286536867637e-10	0.00114465843274186	0.000971936999794487	5.30378978435621e-10	0.00118091883060752	0.00103662719430467	5.33147863872838e-10
1.96796291	0.00114275335944036	0.000915366769708182	5.14149613915631e-10	0.00120159861191632	0.00103601246787115	5.39293738829832e-10	0.00115866318190315	0.00102060618363972	5.32285751802937e-10	0.00114319722637794	0.000969871788837244	5.30377904589709e-10	0.00117884948125935	0.00103405027818276	5.33147156272231e-10
1.981535068	0.00114205598352722	0.000914928171778864	5.14149227318205e-10	0.00120098237274152	0.00103534862254265	5.39293444329534e-10	0.0011581354516365	0.00101983256025395	5.32285459160675e-10	0.00114244561920506	0.000969439220081677	5.30377669904444e-10	0.00117820251230059	0.0010336010503594	5.33146910157016e-10
