t	POCSmin	rNBKmin	NBKmin	POCSmax	rNBKmax	NBKmax	POCSmedian	rNBKmedian	NBKmedian	POCSquant25	rNBKquant25	NBKquant25	POCSquant75	rNBKquant75	NBKquant75
0.015060009	0.0219859494572143	0.020239162788826	0.0177305016064917	0.0240530814150095	0.0234114875654178	0.0207896142807711	0.02287953746066	0.0217571566093366	0.0190891103526662	0.022672631638882	0.0206950593002139	0.0185477265196072	0.0240490350702272	0.0219592036814197	0.0196730037180091
0.030120018	0.0191706088760054	0.0155985681756291	0.00877673185341861	0.0211774928753491	0.0188116317256053	0.0117286907512889	0.0203416559762333	0.0160929270099762	0.0107182083804521	0.0197370999293408	0.0156395753746423	0.00968076499884654	0.020856753936005	0.0169076963335389	0.0111794498644081
0.045180027	0.0144399357046242	0.0117345211732692	0.00528300433342575	0.0181925524380453	0.0146637503720564	0.00713267718290422	0.0161612744823704	0.01291244474122	0.00654348845639382	0.0152712553301229	0.0123596752756693	0.0052879530045116	0.0169802940326312	0.0138900678537097	0.00701703072031077
0.060240036	0.0117585754577415	0.0092864824993133	0.00374982642350177	0.014917786299175	0.0118671226288076	0.00618893647951224	0.0138657193279216	0.0105703529879598	0.0045346781488122	0.0119545728428604	0.0105438092306579	0.00420079279749049	0.0140995455734148	0.0109976094704668	0.00465623724051179
0.075300045	0.00986870728107678	0.0079431480090587	0.00274126819299053	0.0127845315052007	0.00983175493208945	0.00328215292084841	0.0112909153619431	0.00910798861534367	0.00312705935616482	0.0104360233849361	0.00893399666183615	0.00310937738647525	0.0119383545840346	0.00938524340561385	0.00328141605117543
0.090360054	0.00867758224735423	0.0069352006547111	0.00208388165533577	0.0109126867314614	0.00822996621399517	0.00256280031567213	0.0103384033742313	0.00790108441459767	0.0023659399209926	0.00955909370364232	0.00787549179226735	0.00213901168485883	0.0106876215727996	0.00812715210137176	0.00253581008940305
0.105420063	0.00753004612285614	0.0060846042391759	0.00150293950349356	0.00954070019233555	0.00721338425061892	0.00208709887056623	0.0091318276443128	0.00706388923038298	0.00191141460817155	0.0081294082437803	0.00691044248211023	0.00164699794997555	0.00916878911195902	0.0070971017351374	0.00206818887282046
0.120480072	0.00662907755078323	0.00535022504537898	0.00123349236500938	0.00856664040152975	0.00642166108005699	0.00163236272558497	0.00805060848882925	0.00633901524528536	0.00153498410582596	0.0070419601849152	0.00615168323133367	0.00153298367161274	0.00846803641796389	0.00634964158987818	0.00160058140741366
0.135540081	0.0057484453216319	0.00477833148835265	0.000975750858522269	0.00788411989123056	0.00593879003624113	0.00142354439712306	0.00736960321745331	0.00568342548967603	0.00133361887075789	0.00661462104931604	0.00548150208628655	0.00132439351106344	0.00759864157053857	0.00585678841515763	0.00138681246742358
0.15060009	0.00516101918543527	0.00443338102065438	0.000760483432861079	0.0068935556281779	0.00532434026431153	0.00115118864346912	0.00614368517690102	0.00507931890509735	0.00110211074486917	0.00606390547147832	0.0048560135091151	0.0010322749684705	0.00656918155967521	0.00525340723604271	0.00111128965855752
0.165660099	0.00449869452930926	0.00411824048459042	0.000548155141446145	0.00623590807311934	0.00486337497235834	0.00099299238438308	0.00567773716610788	0.00459112643887549	0.000894379817884414	0.00540092449925934	0.00446894144582606	0.000863513224050784	0.00603726802989972	0.004723144775768	0.000964085433220647
0.180720108	0.00407533505212303	0.00382982042400485	0.00044388407845442	0.00578370281601354	0.00444338508197889	0.000884337165299187	0.00501026386461935	0.00417313790193549	0.000704665903870915	0.00493239625244923	0.0041408027244233	0.000659391073323946	0.0056838270571898	0.00436653826890898	0.00083735553419935
0.195780117	0.00366486871490639	0.00353692512965943	0.000357633598294127	0.00533444165676097	0.0041032753582597	0.000771553420531858	0.00447545349848927	0.00383409607566358	0.000659865212827052	0.00440945102434076	0.00376801837321183	0.000511019345919031	0.00518748401948958	0.0039990450487896	0.000700937246979726
0.210840126	0.00317641540912245	0.00332389108040256	0.000300060138588349	0.00517783718507973	0.00367422473915568	0.00062144448949563	0.00407458985026306	0.00357607551502717	0.000491846209072869	0.00406017122138516	0.00345855904351383	0.000407787853593226	0.00494371260733465	0.0036584141477908	0.000593099116083524
0.225900135	0.00298931399546772	0.00303790298913602	0.000255016238053696	0.00468708352992499	0.00345802117814385	0.000567945413441026	0.0037545530584841	0.00328356672762752	0.000440003555010371	0.00369670314879915	0.00321162268274912	0.000340990916582784	0.00446282762642595	0.00341296329997053	0.000527483258049944
0.240960144	0.0026786948484904	0.00283519082789968	0.000192290069436095	0.00446157853993858	0.00319455118637335	0.000530418491133625	0.00347310206930632	0.00307837250126327	0.000365210789519376	0.00330560144776807	0.00305095308073273	0.00027067435103968	0.00421515282659367	0.00316915293648899	0.000421247941288648
0.256020153	0.00256611471631486	0.00265804739564576	0.000154709097530805	0.00418098454585603	0.0029804399979924	0.000496859962735619	0.00305825776910004	0.00283296738812532	0.000318743072385018	0.00300822916022191	0.00275870179214599	0.000224242531520251	0.00396308867659845	0.00297278395972812	0.000339626840551794
0.271080162	0.00238298402231018	0.00249368054833524	0.000140342372690136	0.00416730569335633	0.00279004506156785	0.000456324098369836	0.00291997001402674	0.00270079129106607	0.000263528341606371	0.00286531253179004	0.00255275916368918	0.000193573230232879	0.00367162450620919	0.00275667648510003	0.000298177733980428
0.286140171	0.00220597963660281	0.00235403944810753	0.000105539721060503	0.00391269412527541	0.00267583052536516	0.000346056195239235	0.00273210650116157	0.00247710621929043	0.000231642145799882	0.00273051891741529	0.00239414328072743	0.000166106421024152	0.00346606781552149	0.00265367815888827	0.000241865398943802
0.30120018	0.00206557375662828	0.0022297345920109	9.50297544678393e-05	0.00366558382079918	0.00254487562174339	0.000311134536849074	0.00259632034694084	0.00235653770757457	0.000180665403890086	0.00256261280335838	0.00224924912652338	0.000143679778116392	0.00326075337048438	0.00247214216535629	0.000195388126927677
0.316260189	0.00193785683843367	0.00213565813811447	8.24566983478349e-05	0.00334147246841752	0.0023748366374056	0.000232014713796953	0.00248369053718806	0.00219305326693216	0.00016154814952738	0.00237872777352301	0.00216859809932205	0.000134442246082735	0.00293585709646332	0.00236333441784563	0.000162337687986924
0.331320198	0.00185823531776754	0.00202687743445059	7.04632411045851e-05	0.00296039555674168	0.00226814920764677	0.000199948110251304	0.00228292475379987	0.00208673534596904	0.000126927236744367	0.00224990804701521	0.00208669151875895	0.000118414003263766	0.00273924879011308	0.00222776920890865	0.000133498485499896
0.346380207	0.00174389400816767	0.00194323422353129	5.5917274194518e-05	0.00270716879601483	0.00216218445227864	0.000174511677181074	0.00215205049906585	0.00198786023246327	0.000119042222284172	0.00202395128571171	0.00195695482595949	8.77556107193557e-05	0.00257562906764456	0.00210811102050102	0.000121967180773865
0.361440216	0.0016323813851264	0.00183755750830593	4.57665760924432e-05	0.00258736937735109	0.002059118703376	0.000152536650718751	0.00195951265489722	0.00192018759456248	8.94989773132545e-05	0.001824769925143	0.00185882829126458	5.34093229414677e-05	0.00233975231123875	0.00200441029105668	0.000108515068578674
0.376500225	0.00150416398528368	0.00174308756679113	3.88655651406816e-05	0.00243551416282883	0.00199873636150945	0.000133334018704565	0.00182343430715993	0.00186863439789623	7.81916238643591e-05	0.00172587083731969	0.00174721554214215	4.25606336876914e-05	0.00219140871997191	0.00190387010898842	8.40728881018463e-05
0.391560234	0.00137084325284187	0.00166841373816137	3.40505680168389e-05	0.00227621967842173	0.0019328563984485	0.000106699249240528	0.0016765131284232	0.00180298141477987	6.95727789874423e-05	0.00163259458829652	0.00168938406341022	3.41039056088226e-05	0.00196911034386929	0.00182577187337029	7.44558003064072e-05
0.406620243	0.00130168663371038	0.00159583888214653	2.77120408286911e-05	0.00213384060704507	0.00184971936395901	8.80245962815167e-05	0.00159715770876978	0.00175426545264457	5.80278657414083e-05	0.00151108337928758	0.00161533998297388	3.02059691147371e-05	0.00184037860063713	0.0017571191963764	6.69277198065148e-05
0.421680252	0.00121762516822274	0.00152955651784595	2.37763544422806e-05	0.00202024476892014	0.00179845865049305	7.5185242409196e-05	0.00145816073205658	0.0016874205238992	5.39784467959513e-05	0.00135110990733213	0.00154723232799929	2.64750725739306e-05	0.00173747879870859	0.00169972612282609	5.46302977374001e-05
0.436740261	0.00115067471972765	0.00144923141771869	1.8907468223208e-05	0.00186518568637666	0.00176029071776899	6.28035150305345e-05	0.0014319474778241	0.00162439018090582	4.66487288716512e-05	0.00127289216329584	0.00147131192970577	2.13163607658896e-05	0.00167233655989797	0.00164711878449014	4.77078447894399e-05
0.45180027	0.0010358063406362	0.00139607805088989	1.77770730548102e-05	0.00177410542777803	0.0016972596293404	6.25234090351304e-05	0.00134843599348874	0.00156948759678601	3.56951534972331e-05	0.00120699192639005	0.00140357377651513	1.82078534436317e-05	0.00155182982354561	0.00159173784837944	4.61202189328107e-05
0.466860279	0.000977854112894818	0.00132541362556694	1.46050129296274e-05	0.00168508793619795	0.00165215506401282	5.62102947941914e-05	0.00124998720490699	0.00151008243258177	3.48483104584602e-05	0.00115535555231567	0.00132783968687135	1.58744479368276e-05	0.00141882860946309	0.00154539067461379	3.86433111873442e-05
0.481920288	0.000905153144453808	0.00125226234113213	1.26252329997768e-05	0.00154535838182987	0.00161373197118861	4.54603999189024e-05	0.00117535003890375	0.00144925810526783	2.62750089005015e-05	0.00107449250161965	0.00127461557608001	1.33841378089369e-05	0.00133680120277238	0.00148047625833179	3.36707477034894e-05
0.496980297	0.000868702790703231	0.00120137968510695	1.0369496833684e-05	0.00147873701389803	0.00156323898825911	4.0162124445642e-05	0.00113797311265969	0.00139564851305419	2.33058865665456e-05	0.00105401835015399	0.00120952685591273	1.07915178664234e-05	0.00124076909863443	0.00142787203540359	3.09113596431991e-05
0.512040306	0.000823880033756742	0.00114217725790292	8.04777583050152e-06	0.0014342883419576	0.00151165284832709	3.41163030072109e-05	0.00110635215287054	0.00134649381811684	2.01346732918605e-05	0.000975279798587151	0.00114503763711264	9.6818848642324e-06	0.00119601930127892	0.00139852456438179	2.45903274601263e-05
0.527100315	0.000778447415648841	0.00108492258997941	7.22816944778735e-06	0.00139448999057794	0.00145963668842985	3.21885454289858e-05	0.00103317199934612	0.00129912649947544	1.62440531517103e-05	0.000946112000096898	0.00110850999684176	8.12969157310948e-06	0.00111237746895658	0.00133681964502718	2.04353880001474e-05
0.542160324	0.000703816065763428	0.00105360783739563	6.28158927986828e-06	0.00134212016463787	0.00142744712131344	2.88258330557452e-05	0.000987971061551623	0.001244332088692	1.2143925827187e-05	0.000935182222576027	0.00106637741966805	6.5625336884961e-06	0.0010387104357349	0.0012814704553468	1.65221948973114e-05
0.557220333	0.000643734074415347	0.00100725830219187	4.55619361612652e-06	0.00125879742683338	0.00136354702041596	2.35287465240868e-05	0.000948622892762756	0.00120637485431799	1.09976355655069e-05	0.000889982219325974	0.00100736909819289	5.41782241105996e-06	0.000951320608405485	0.00123362045229521	1.40820959487898e-05
0.572280342	0.000611521461866719	0.000963597158347396	4.15056236522093e-06	0.00117047517281865	0.00131626840004554	2.05110334902885e-05	0.000914605804980973	0.00115653549131114	8.68649889255094e-06	0.000847296785569182	0.000969698435288008	4.61132809059426e-06	0.000914662587008896	0.00119374714374357	1.25666045024519e-05
0.587340351	0.000568145837508296	0.000927218782691913	3.19511846170926e-06	0.00111797974834204	0.00129476232217182	1.93488837392557e-05	0.000860344924441071	0.00110753005940536	7.33336349665277e-06	0.000823505828765098	0.000939483778899624	3.90811504050324e-06	0.000874169016949259	0.00115399236229511	1.12464337670023e-05
0.60240036	0.000526477939620194	0.000891905883505199	2.6812933261506e-06	0.00107260560272661	0.00125270653910208	1.43645140489869e-05	0.000820467875538603	0.0010580119929536	6.03315939641173e-06	0.000765672541076558	0.000893835661073903	3.22745247055905e-06	0.000842035934967513	0.00112768665579121	9.1328051730409e-06
0.617460369	0.000501833312909215	0.000861393096081282	1.98470884105102e-06	0.00101125766741187	0.00122319393694451	1.19934075481382e-05	0.000784145781805309	0.00102087493472769	5.07094987159533e-06	0.000721915965467658	0.000870381180780575	2.79802617608325e-06	0.000817505363559762	0.00109730044385374	7.94444195119955e-06
0.632520378	0.00047500066612036	0.00082751622369999	1.73978821718244e-06	0.000975052758522086	0.00119375372835989	1.04338581201071e-05	0.000749586271573438	0.000976339454970394	4.2653815743106e-06	0.000689405275317736	0.000838107607812841	2.42795875505996e-06	0.000789749214922913	0.00105764077482598	6.93235197046132e-06
0.647580387	0.000434939133521673	0.00079363879394866	1.39553610573858e-06	0.000932170473512854	0.00115315965866798	9.23935148086473e-06	0.000700435081683453	0.000941435090594728	3.82675568057675e-06	0.000649488322705902	0.000801174004762356	2.15005637010851e-06	0.000744773730689408	0.00102358395077779	5.80411456397486e-06
0.662640396	0.000414240654374338	0.000768305673490976	1.17944761340409e-06	0.000866337323782185	0.00111829446478534	8.58389485600078e-06	0.000690549910814524	0.000909906562555607	3.12709333481063e-06	0.000623860745919823	0.000775332703888566	1.76634848292294e-06	0.000732906690444987	0.000999489738313095	5.04289494402131e-06
0.677700405	0.000382785722397123	0.000733431481400051	9.52789226572518e-07	0.000836896387146521	0.00108228042104799	7.68462150314842e-06	0.000658303552818317	0.00087904027958865	2.5769169689774e-06	0.000577791044961228	0.000746647426679476	1.5750581149147e-06	0.00067082280240642	0.000968395572929067	4.32678666430194e-06
0.692760414	0.000371759781598102	0.000710872013131578	8.87867660019304e-07	0.000800084033528508	0.00105177936216489	6.3608903644775e-06	0.000621538457625111	0.000850809405747946	2.27346064627014e-06	0.000542624501949227	0.00071798191693877	1.40033101722309e-06	0.000649754978642671	0.000943643810235855	3.61567221680108e-06
0.707820423	0.000353363714904038	0.000681723412627319	7.04201919822564e-07	0.000757106343945053	0.00102876467081629	5.10298603833792e-06	0.000591208838880344	0.000830155879988946	2.10345768554326e-06	0.000522467512812411	0.000701938918932249	1.11712137821367e-06	0.000599360925286836	0.00090607804816704	3.24620502736511e-06
0.722880432	0.00033685330401766	0.000649966305389626	5.3669595282572e-07	0.000715797330947492	0.000996397563577464	3.99551718433411e-06	0.000568320660729133	0.000803309822834198	1.66648548834115e-06	0.000495934386196343	0.000669393219010855	9.27363100561325e-07	0.000572225355848876	0.000880971617186505	2.63699791463621e-06
0.737940441	0.000320508806271357	0.000619749001095975	4.82725266383503e-07	0.000677256428598192	0.000971320318286957	3.86528943603552e-06	0.000535383765651493	0.000778056957836536	1.34262020184343e-06	0.000473297353872206	0.00064020477616338	7.50691930863156e-07	0.000543263629818	0.000850072940623907	2.0779121552682e-06
0.75300045	0.000303453396822388	0.00059331944290246	3.85824348239583e-07	0.000657689933290403	0.00093313303896738	3.35252392389627e-06	0.000506023134394391	0.000750804636999063	1.21792502746965e-06	0.00043979143505619	0.000624050204145484	6.07143984005259e-07	0.000522812152078841	0.000822371392492597	1.77044999170382e-06
0.768060459	0.000279933794581551	0.000570037227006858	3.34879548807262e-07	0.000607543819142205	0.000908619815563637	3.02150133891195e-06	0.000480914127939711	0.000731368698487776	1.03061515327717e-06	0.000422411011676727	0.000604961582833647	5.12594915929133e-07	0.000487407544490074	0.000789721405086096	1.711179836311e-06
0.783120468	0.000263957615037742	0.00054352128904769	2.6237312802639e-07	0.000561684552198805	0.00088611069450024	2.3903986330071e-06	0.000460508591043776	0.000713096469224479	8.88335628685041e-07	0.000406871555675886	0.000581394734378042	4.39759619877971e-07	0.000466942702846037	0.000764105348048794	1.37285503240922e-06
0.798180477	0.000243111675671157	0.000520098020661543	2.2937292850563e-07	0.000528616072062339	0.000858073788832549	2.2063832279213e-06	0.000428202727718125	0.000690654302460308	7.17077488057838e-07	0.000386551627435634	0.000564268480872295	3.62636263163267e-07	0.000441535048385362	0.000723080012616576	1.15235720228525e-06
0.813240486	0.000229617464614258	0.000499118962182283	1.73580967906045e-07	0.000513947360424255	0.000831839535133817	2.02869892928699e-06	0.000406733592704647	0.000676667832332859	5.665806606237e-07	0.000371394991355527	0.000542568057553685	3.08126595920457e-07	0.000429652657658129	0.000691144610467304	8.50159903622839e-07
0.828300495	0.000219229511616337	0.000482303591462163	1.69271113159748e-07	0.000493573574343511	0.000804040226929626	1.82432300424945e-06	0.000390353116790182	0.000651822387032618	4.82251413725846e-07	0.00035599246336144	0.000524237760355481	2.54434835030426e-07	0.000413174613171885	0.000669954768530637	7.91731046086961e-07
0.843360504	0.000207258452024208	0.000466588645160428	1.39174868764408e-07	0.000481726882091424	0.000787159074970471	1.54602861418009e-06	0.00036992790828198	0.000632065571725004	4.26629999701774e-07	0.000336204336654231	0.000503605801649091	2.42802920779549e-07	0.000404501103503187	0.000644493780891444	6.2744841648657e-07
0.858420513	0.000196246189674763	0.000453348005904246	1.18123660089028e-07	0.000452747703653142	0.000767753466412211	1.36507023997555e-06	0.000347015823564138	0.00061514156503758	3.51324135408287e-07	0.000331491033582407	0.000482656042409602	2.14156325331646e-07	0.000390013431541194	0.000626082011744436	5.6923333183042e-07
0.873480522	0.000188543327714011	0.000442570721723669	1.01714947219243e-07	0.000439092436129171	0.000753723901507706	1.11619594343363e-06	0.000339199460462847	0.00059686345751889	3.27485456022586e-07	0.000304263328839629	0.000470096014404181	1.68852123886107e-07	0.000364063230022796	0.000611427747942467	4.98718577381445e-07
0.888540531	0.00018040218984109	0.000426576964724944	8.94500431647529e-08	0.000420458390032072	0.00074004984752233	1.04619750620398e-06	0.000322620111113814	0.000574795958511244	2.74308196811973e-07	0.000292907329838558	0.000455861363857881	1.36576864864385e-07	0.000343024315934387	0.000588196422313005	4.29534711944337e-07
0.90360054	0.000173516401812727	0.000411688152938363	7.62590710868973e-08	0.000393582348612581	0.000713717549584378	9.35209137148323e-07	0.000308962452673173	0.000557350751666444	2.25788909371524e-07	0.000282536462633081	0.000445176368536125	1.19961918484716e-07	0.000325856839445694	0.000566412254294598	3.93544548631645e-07
0.918660549	0.000166465243797462	0.000397269030106253	6.32131099174239e-08	0.000374381642309949	0.000692236786545724	7.8577266116877e-07	0.000290265321486413	0.000541315062061716	1.96483705124149e-07	0.000274208117904458	0.000429658708645227	1.07025178094309e-07	0.000306036326502822	0.000550511729069801	3.25025698810554e-07
0.933720558	0.000157636577725079	0.000386832049475044	5.3260895189488e-08	0.000356092979004956	0.000673377238612541	6.90399187661444e-07	0.000271694782948913	0.000525036512075204	1.79871339948523e-07	0.000261328950629375	0.000416839076176024	9.01376819782672e-08	0.000297482652899499	0.000532417813160059	3.12489255689107e-07
0.948780567	0.000146623781649951	0.000374575356691042	4.82802163837824e-08	0.00034256980374633	0.000654042528495468	6.28560737473155e-07	0.000253168651291899	0.000506185351455381	1.57785636389767e-07	0.00025232016235746	0.000401340459929113	7.34217412324269e-08	0.0002841187209016	0.000517704639179243	2.82414930102789e-07
0.963840576	0.000135424893298272	0.000357673877549792	4.39708555716164e-08	0.0003284760971994	0.000629813857329883	5.22211141744711e-07	0.000239971248559964	0.000495053848779826	1.31311752849612e-07	0.000238027686195666	0.000390349067239015	6.0642809496517e-08	0.000270025808488438	0.000500032081118752	2.35135974045126e-07
0.978900585	0.000128258829339801	0.000347104043951298	3.47306003859171e-08	0.000315482542608289	0.000612403911148998	4.40668783288923e-07	0.000228869369054309	0.000474374596889924	1.13639997837436e-07	0.000228675888623218	0.000377557431989627	5.89720047190535e-08	0.000258516468707076	0.000486249782298691	2.08855753218235e-07
0.993960594	0.000122057588111058	0.000333969127406743	2.96154919974051e-08	0.000308415687658109	0.000595178631809184	3.96284034085713e-07	0.000222177159151696	0.000461717120698443	1.00037439812144e-07	0.000221866595939121	0.000364488490994024	4.67130443740669e-08	0.000240837530260468	0.000470545738014125	1.74056472245501e-07
1.009020603	0.000115618769390984	0.000321426772576516	2.69248320714856e-08	0.000304318212111738	0.000578255705265072	3.40461883884115e-07	0.00021553236434605	0.000444827612007579	8.44363994214776e-08	0.000212608826520088	0.00035216853236177	4.68232991518241e-08	0.000229207686298661	0.000457183477078555	1.56003513187268e-07
1.024080612	0.000111387614995956	0.000309782103458315	2.1062932371153e-08	0.000290977016932775	0.000564806789314005	2.96381836684534e-07	0.000201527461423631	0.000435054483784276	7.61777343293218e-08	0.000200275911563198	0.000339844048499685	4.35304136185729e-08	0.000220345259394829	0.000438886414410309	1.24213165164485e-07
1.039140621	0.000107434491850552	0.0002965998993224	1.88681298187744e-08	0.00028517463975505	0.000550929128081741	2.69020926056766e-07	0.000191681015172692	0.000422376273971116	6.42454491411959e-08	0.000185392804018408	0.000330792231044019	3.96143142359817e-08	0.00021167134859579	0.000423235824647257	1.04075071657954e-07
1.05420063	0.000102976332664331	0.000288778730564121	1.57366443220958e-08	0.000269826651665743	0.00053157978810867	2.25001570976266e-07	0.000183250833522601	0.00041291693089851	5.79167152613681e-08	0.000174809668532013	0.000321548839616902	3.08816819672721e-08	0.000199929594041184	0.000413704018519349	9.019967871286e-08
1.069260639	9.87358392721327e-05	0.000279355375223343	1.32860158051019e-08	0.000255791626115623	0.00051791110464397	1.74658979800338e-07	0.00017235246455854	0.000402642548929578	4.70307400818433e-08	0.000165442676713824	0.000312792832551045	2.73992034404975e-08	0.000195130432544383	0.000405443556442668	7.48211693469528e-08
1.084320648	9.09959417222608e-05	0.000270252014834324	1.03529546080457e-08	0.000247055467830198	0.000512195957911292	1.78296883044673e-07	0.000164721229403292	0.000386039018270563	3.78056174866764e-08	0.000159365883577235	0.000304368045262116	2.16673158919758e-08	0.000182057214359495	0.00039405378842876	6.68167167182759e-08
1.099380657	8.7545076156933e-05	0.000262148139509453	8.80954731386821e-09	0.000241890277473557	0.000497327975116418	1.45724908555499e-07	0.000159662821120215	0.000377329357478305	3.15280991079227e-08	0.000149031210956124	0.000297979075653663	1.94631980784787e-08	0.000175260939240741	0.000386304566311221	5.5023369344851e-08
1.114440666	8.4409705005461e-05	0.000254705988957157	6.79447019408432e-09	0.000230634518116466	0.000482237028115739	1.29031333863082e-07	0.000152039097232349	0.000367874244894253	2.53370792061215e-08	0.000142400569758849	0.000287601152376904	1.6333793758948e-08	0.000169935781473448	0.000372498610284499	4.52598268725553e-08
1.129500675	7.83193876867515e-05	0.000248552031434533	6.28919666857589e-09	0.000221643535990919	0.00046856115816195	1.22193056544206e-07	0.00014505580340594	0.000359164545915822	2.34645219726117e-08	0.000137049735646788	0.000280408142499447	1.48435953945836e-08	0.000158588782087602	0.000363666534725811	4.1160151305552e-08
1.144560684	7.43110393776916e-05	0.000241896090306849	5.03035097487637e-09	0.000210582552300642	0.000459430276442103	1.04309101588955e-07	0.000142305463039147	0.000348715862112338	1.86427959329643e-08	0.000129109322767714	0.000272141895190425	1.36508255729491e-08	0.000155269620820471	0.000354866852646822	3.72748252081519e-08
1.159620693	7.27190529621567e-05	0.000234013157197607	4.26519717100035e-09	0.000197852378785881	0.000444353424550052	8.17102927338702e-08	0.000132718096978923	0.000338470114225893	1.61054601196529e-08	0.000123878162668659	0.000264567892497186	1.23848221916618e-08	0.000147445711841822	0.000345582272251405	2.94397826185005e-08
1.174680702	6.96950325809462e-05	0.00022522646050398	3.99558602561816e-09	0.000190908068456845	0.000432065684609427	7.14175966206293e-08	0.000127390860872041	0.000329168926048969	1.24176041267176e-08	0.000119108636773165	0.000256024626492374	1.10434615373489e-08	0.000144253521938992	0.000335908210728544	2.87017898068332e-08
1.189740711	6.3695251820292e-05	0.000217181005233149	3.54195683269832e-09	0.000178483381362281	0.00042509488064592	5.84751440574494e-08	0.000123670619949474	0.000319585468328944	1.14235784533757e-08	0.000114687109287862	0.000245841850131432	8.82838965904195e-09	0.000137310503242619	0.000328469845203912	2.59254079801892e-08
1.20480072	5.98957266629841e-05	0.000211472999885422	3.15689421259601e-09	0.000170890170177578	0.000412643530879809	5.07494553135878e-08	0.000120426283399868	0.000308996855347009	9.67769278012898e-09	0.000110514912007019	0.000241865791075452	8.05317330897559e-09	0.000131924975265285	0.000319435832105146	2.29992722139742e-08
1.219860729	5.5505666537298e-05	0.000205415993537775	2.36303198081284e-09	0.000159229279739384	0.000400436109404109	4.22274683390229e-08	0.000112634610066139	0.000299756107716624	7.43943111555888e-09	0.000106405255466373	0.000234627889120873	6.09231966578426e-09	0.000124453900178615	0.00031076835562594	1.94807953543963e-08
1.234920738	5.24248275620318e-05	0.000200678915320347	2.12215023116864e-09	0.000156267876288691	0.000389105676203898	3.75001810433699e-08	0.00010555073607467	0.000291246806999857	6.84564937498461e-09	0.000101382120462176	0.000228941197638804	5.87303764795396e-09	0.000121285182301007	0.000306727079558281	1.66668502410586e-08
1.249980747	4.98365052763206e-05	0.000194304798756856	1.8380137150185e-09	0.000146148642091315	0.000378730895701356	3.43628965188484e-08	0.000102043887762407	0.000285277599604094	5.8578711283441e-09	9.62087927764142e-05	0.000225105902701338	4.67922278104876e-09	0.000114518928757991	0.000300575451046481	1.65706107985267e-08
1.265040756	4.63784621316625e-05	0.000188301838316582	1.53961356103911e-09	0.000142891437054751	0.000369510036950466	3.12312956199551e-08	9.7408921045181e-05	0.000278517555563008	5.48596882667336e-09	9.28289849935983e-05	0.000220758371562056	4.29787095047449e-09	0.000113289664994414	0.000292340384956121	1.32184891524059e-08
1.280100765	4.48747930993265e-05	0.000184788096731218	1.37636786085994e-09	0.000135809839467651	0.000362105730196205	2.87753516157677e-08	9.47594892889671e-05	0.000271933091229449	4.52206093172893e-09	8.81324167480609e-05	0.000215253720775858	3.56201202683486e-09	0.000106346196938194	0.000285546897913732	1.11971592824688e-08
1.295160774	4.29224724046328e-05	0.000180822779752315	1.25853256924576e-09	0.000130301618365565	0.00035501574432236	2.55633826977647e-08	9.1063842118518e-05	0.000265204494438194	3.6123061385206e-09	8.39379332608162e-05	0.000209879644068888	3.18255338287588e-09	0.000104365204505723	0.000277897579557197	9.07037097115124e-09
1.310220783	4.14181619106512e-05	0.000175917274922677	1.17563936759742e-09	0.000125682711067335	0.000344683205863002	2.2196658089877e-08	8.69107310601835e-05	0.000259945693390877	3.23105794540303e-09	8.00724169413086e-05	0.000202210869024593	2.68878655800051e-09	0.000101089323470206	0.000273353807959215	8.06523048398968e-09
1.325280792	4.01350501211198e-05	0.0001699365651768	1.1603968058235e-09	0.000118035221571039	0.000336990751891458	2.05167700048372e-08	8.27639858254515e-05	0.000253525728344538	2.74867535918045e-09	7.81048042152171e-05	0.000197020460890318	2.29545669142709e-09	9.59508108732597e-05	0.000265622040970248	6.75355258982292e-09
1.340340801	3.83027875430282e-05	0.000165364332501362	1.10452083893359e-09	0.000114134363154587	0.000328637905029787	1.66239129782641e-08	7.9360050387537e-05	0.000244965120322675	2.44820763848565e-09	7.28623136993647e-05	0.000192720013855724	1.93347517671209e-09	9.27341529328847e-05	0.00025800570091781	5.68022481336554e-09
1.35540081	3.61679927690205e-05	0.00016014796836252	1.04059785990899e-09	0.00011095106643474	0.000319242507645279	1.40718381048487e-08	7.67064697258611e-05	0.000240226570204201	2.10316680264973e-09	6.86312389660439e-05	0.000186812218484874	1.64701644101421e-09	8.90713916797349e-05	0.000252916257582794	4.42562842537724e-09
1.370460819	3.4780109759246e-05	0.000156624263198051	1.00548294163339e-09	0.000107946602390144	0.000310228064109376	1.12127856625559e-08	7.35418021180681e-05	0.000233947243029258	1.7547671407245e-09	6.64240451759784e-05	0.000181509072053802	1.52962210017221e-09	8.58642143581436e-05	0.000245880007524671	3.68547692338377e-09
1.385520828	3.2578368157727e-05	0.000151986409833668	1.01213629147314e-09	0.000101041261586991	0.000304760023650469	9.95881298026556e-09	6.95572176634417e-05	0.000227996778988165	1.55743354475647e-09	6.25151161968206e-05	0.000176234383648013	1.36847452895641e-09	8.17704210762438e-05	0.000240440866164327	3.36660195758332e-09
1.400580837	3.15361410080552e-05	0.000147172036733405	1.01345093751079e-09	9.59116519313795e-05	0.000296132338131307	9.27343555765329e-09	6.82470122496814e-05	0.000221575961407695	1.4262656190174e-09	6.00761900637266e-05	0.000171042935635541	1.30512417145094e-09	7.72762159926144e-05	0.000234446380871822	2.66562141504728e-09
1.415640846	2.97129225760965e-05	0.000142463761565916	1.01614063714848e-09	9.15772085637861e-05	0.000291521516055354	8.01677236230066e-09	6.63556802449248e-05	0.000215132199937555	1.34061646066783e-09	5.72502116202762e-05	0.000167867887183197	1.12594387027779e-09	7.55785656315342e-05	0.000229098377995161	2.22188121098114e-09
1.430700855	2.83037310690816e-05	0.000139389162806273	9.91487886931749e-10	8.80095237499486e-05	0.000280683894124621	7.01881159287933e-09	6.08625695936922e-05	0.000208385796188778	1.2266127735822e-09	5.31719164541414e-05	0.000162920778371503	1.09540047046263e-09	6.9738319491168e-05	0.000224027238324727	2.00809102669901e-09
1.445760864	2.63762951084974e-05	0.000134123154868598	9.87443119987133e-10	8.43292873345022e-05	0.00027506241569035	5.78828647737282e-09	5.76191540221937e-05	0.000204564597975744	1.16197512876347e-09	5.10321478768205e-05	0.000157712917736815	1.07329827607431e-09	6.69468163806098e-05	0.000218213586115849	1.81988369725737e-09
1.460820873	2.55300579956476e-05	0.000130078322727587	9.87146971424594e-10	8.1049629718867e-05	0.000267815306912803	4.76702861028552e-09	5.49766835643432e-05	0.00019754767345577	1.10585208061014e-09	4.96893347019692e-05	0.000154436786691399	1.05057554574579e-09	6.31764829412227e-05	0.000213445968974021	1.65909446936542e-09
1.475880882	2.37807126029558e-05	0.000126683585212116	9.86650093778057e-10	7.86080127467905e-05	0.000259708400236773	4.33106323123774e-09	5.30082751999307e-05	0.000191062602935377	1.08989163418566e-09	4.61936744132578e-05	0.000150242795002064	1.05002710021401e-09	5.9683148924833e-05	0.000207313412786871	1.49096535409929e-09
1.490940891	2.31744751399701e-05	0.000122039445135658	9.86181644831042e-10	7.51454307287783e-05	0.000253441155447473	4.12246129178045e-09	5.14691082593867e-05	0.000184458260049258	1.0801756118428e-09	4.38092978443594e-05	0.000146785250543202	1.04955611766692e-09	5.71430423495597e-05	0.000202810267647754	1.28233649398003e-09
1.5060009	2.1870517697031e-05	0.000118745018136342	9.85787327011709e-10	7.37957855558228e-05	0.000247135009959867	3.33845841661308e-09	4.92351882501467e-05	0.000179459765789885	1.04892072623155e-09	4.25707570907432e-05	0.000143738428636853	1.03501197680157e-09	5.44181795987165e-05	0.000199276969795096	1.2365052767909e-09
1.521060909	2.10582683778331e-05	0.000114968777892203	9.85290191417246e-10	7.18951152639469e-05	0.000240503365921423	2.93427566587053e-09	4.76413573802535e-05	0.0001739195206408	1.0485196308071e-09	4.09089411828057e-05	0.000140355096581859	1.03441102640351e-09	5.26674668848376e-05	0.000194666265831455	1.15900997304949e-09
1.536120918	2.02562382638582e-05	0.000112217271572725	9.84715389904834e-10	6.64999248490557e-05	0.00023487808279788	2.83496339319482e-09	4.51865272561409e-05	0.000171617226425642	1.04790145827523e-09	3.85574747861286e-05	0.000136738085798034	1.00969435455148e-09	4.87423214090356e-05	0.000190692241995651	1.15048040168525e-09
1.551180927	1.92739701644901e-05	0.000109051169948714	9.84329599341204e-10	6.26995516277337e-05	0.000229009858482757	2.12886590442691e-09	4.32997813403126e-05	0.000166126769718845	1.04732499893603e-09	3.66675056415398e-05	0.000134455900518517	1.00419976365607e-09	4.70776071620259e-05	0.000185935725820522	1.09174450321428e-09
1.566240936	1.86401905078073e-05	0.000105516196088614	9.83895138018485e-10	6.13033005701138e-05	0.000223220849926046	1.92115077299101e-09	4.18565582957578e-05	0.000160687647735106	1.0466629701283e-09	3.52484847836065e-05	0.000130818315237463	1.00307678578806e-09	4.64491919654822e-05	0.000183403875083621	1.04669130422961e-09
1.581300945	1.77057949953091e-05	0.000103214131884725	9.82214904322493e-10	5.83789241214771e-05	0.000218378845696869	1.656051763126e-09	4.06630995205155e-05	0.000157393322270114	1.01461422132299e-09	3.34338507937713e-05	0.000128111736627237	9.83443413070332e-10	4.44342877759011e-05	0.000178475075294861	1.04624029331073e-09
1.596360954	1.68838957967046e-05	9.97022345175295e-05	9.82998044468997e-10	5.61385945769162e-05	0.00021486754017982	1.45582292853495e-09	3.91664147381065e-05	0.000152429600430715	1.0141574844285e-09	3.13168312418971e-05	0.000125290442352826	9.83052485576651e-10	4.28929212278925e-05	0.000174584021636123	1.04561378473231e-09
1.611420963	1.62977211669131e-05	9.73615252961666e-05	9.82549264429531e-10	5.25544212963815e-05	0.000207800857653153	1.24808551052384e-09	3.78762161394973e-05	0.00014866522578769	1.01369570580163e-09	3.05289158658194e-05	0.00012157956450057	9.82556991063035e-10	4.09104654483374e-05	0.000171335740918507	1.04514236898677e-09
1.626480972	1.53242571915115e-05	9.46672654225207e-05	9.81896051240254e-10	5.11268671233525e-05	0.000201703998424577	1.24205278587535e-09	3.53222973619055e-05	0.000145234129105085	1.01324176520271e-09	2.90585171394122e-05	0.00011856554554223	9.81902427520525e-10	3.93363688401473e-05	0.00016855033767017	1.04464360832729e-09
1.641540981	1.45024730214129e-05	9.30771463795762e-05	9.81275635701054e-10	4.88164429217726e-05	0.000198476280750495	1.13874520748208e-09	3.49556596038352e-05	0.000141330966608189	1.01289619447825e-09	2.77912651887012e-05	0.000115541584189374	9.81495008148575e-10	3.7205964553898e-05	0.000166085871072625	1.04406553969756e-09
1.65660099	1.38142695673837e-05	8.9989347786646e-05	9.80807700169762e-10	4.58239805453888e-05	0.000192488698362996	1.13162790741144e-09	3.19281192209332e-05	0.000138934203913688	1.01245119510218e-09	2.73547248354171e-05	0.000113698451192285	9.80968407325085e-10	3.47109823991284e-05	0.000161931308510074	1.04363132424934e-09
1.671660999	1.32629246601562e-05	8.71148559712906e-05	9.80136703055301e-10	4.43160614445537e-05	0.000187337590845939	1.07049458123285e-09	3.0158305783425e-05	0.000135967382624814	1.01190992396427e-09	2.53938825178916e-05	0.000111092457921183	9.80310957453945e-10	3.38039068158744e-05	0.000156946726627013	1.04300657017156e-09
1.686721008	1.2444569757515e-05	8.56164213407235e-05	9.79529910648617e-10	4.30270250974293e-05	0.000182858504511327	1.04253191316702e-09	2.92164965737924e-05	0.000132235289131734	1.01144050312955e-09	2.40787301066889e-05	0.000107907330420545	9.79922864022474e-10	3.16732057767871e-05	0.000153818832212566	1.03093638301863e-09
1.701781017	1.17575716893731e-05	8.26367995729022e-05	9.78940528104231e-10	4.14666113793082e-05	0.000179276544693692	1.04189261155544e-09	2.73101772469023e-05	0.00012949842267042	1.01116540717794e-09	2.30007322400755e-05	0.000105705412517438	9.79417504905508e-10	3.07426402051876e-05	0.00015075590175829	1.03261843041819e-09
1.716841026	1.15462790975689e-05	7.98525030115955e-05	9.78485540781619e-10	3.9599543529629e-05	0.000174640171036733	1.04132949104398e-09	2.59133068160809e-05	0.000125648297207692	1.01070634209066e-09	2.16321057761203e-05	0.000102515750059647	9.78805939455074e-10	2.93744276462186e-05	0.000146387356752543	1.02449700702436e-09
1.731901035	1.08922838512807e-05	7.81368654728358e-05	9.77846628187195e-10	3.85622341960209e-05	0.000171641822760149	1.04084416098553e-09	2.52363114406365e-05	0.000122221919342662	1.01007836686691e-09	2.13085230413111e-05	0.000100455336326837	9.78399909842584e-10	2.8575577077878e-05	0.000143463718111874	1.01026758163298e-09
1.746961044	1.05825473706615e-05	7.71294778044951e-05	9.77447522460231e-10	3.73405976803454e-05	0.000168755395122015	1.04033046519237e-09	2.35764688632531e-05	0.000118374400176908	1.00960291188549e-09	2.01607417300608e-05	9.80698685632024e-05	9.77773512222278e-10	2.75921777187924e-05	0.00013717415377522	1.00973682320398e-09
1.762021053	1.00698292037801e-05	7.49837315931022e-05	9.77034967703965e-10	3.66019546647059e-05	0.000163405569728596	1.03985919319389e-09	2.21062302328729e-05	0.000115432835000127	1.00912449608225e-09	1.91701473947115e-05	9.57615113433627e-05	9.7734569060618e-10	2.627095344419e-05	0.000132862106219711	1.00927750982957e-09
1.777081062	9.72826480115767e-06	7.35130940223698e-05	9.76268982836773e-10	3.49776213104045e-05	0.000160132225454222	1.03929174356031e-09	2.13992109608367e-05	0.000111826085254026	1.0086123386408e-09	1.82042729420832e-05	9.26958291642408e-05	9.76843858246277e-10	2.52836031278768e-05	0.000130183739069214	1.00864163176944e-09
1.792141071	9.26753783723855e-06	7.11477442054722e-05	9.75859788861335e-10	3.31887009249305e-05	0.000155626851439667	1.03856603689662e-09	2.09869972921099e-05	0.000108370403886167	1.0081164907225e-09	1.70799293178786e-05	8.96694424452895e-05	9.76417601836296e-10	2.44971421817132e-05	0.000126829979661607	1.00817266671873e-09
1.80720108	9.01868567753195e-06	6.94509709102676e-05	9.75152908349237e-10	3.22619652350635e-05	0.000152616789354902	1.03807912019051e-09	1.97776219484443e-05	0.000105952888580581	1.00767479349821e-09	1.63740444891849e-05	8.75723357519743e-05	9.76028244012056e-10	2.34763388150719e-05	0.00012314903738926	1.00773642861197e-09
1.822261089	8.83132240886667e-06	6.73234655503881e-05	9.7478823834915e-10	3.12090356248438e-05	0.000147810933991957	1.03751347150552e-09	1.8932044398119e-05	0.000103135904956413	1.00725328999564e-09	1.55194319834372e-05	8.50668806451038e-05	9.75337311690032e-10	2.29339262288366e-05	0.000119631333400268	1.00727280588672e-09
1.837321098	8.10384198370041e-06	6.58637144217059e-05	9.74198473582176e-10	2.99479383058346e-05	0.000144726005754698	1.03699651650881e-09	1.86622890459928e-05	9.9519497849425e-05	1.00674892899201e-09	1.51681514450262e-05	8.32703815614892e-05	9.74845602783564e-10	2.12789584567166e-05	0.000116115349268923	1.00688680403533e-09
1.852381107	7.76645235781065e-06	6.43241756864672e-05	9.73729096304651e-10	2.83799422153573e-05	0.000141989969716416	1.03649252341727e-09	1.76650443850196e-05	9.64217423128636e-05	1.00626045528503e-09	1.47229443252217e-05	8.15277008968193e-05	9.74350537560721e-10	2.08130307968819e-05	0.000113150481777207	1.00640601173836e-09
1.867441116	7.22810370993082e-06	6.24478168717165e-05	9.73178646428775e-10	2.71760817596233e-05	0.000138701068620043	1.03593865509598e-09	1.68094838541348e-05	9.42584672725817e-05	1.00566180967037e-09	1.43440332757414e-05	7.97269292478237e-05	9.73790557207704e-10	2.01147518528259e-05	0.000111045475371593	1.00592189007932e-09
1.882501125	7.11688585773298e-06	6.07968331771759e-05	9.72729196446331e-10	2.61853662139005e-05	0.000136173845920803	1.03543985513755e-09	1.59593611619831e-05	9.17595847077525e-05	1.00538796477735e-09	1.36935924648774e-05	7.74913579829837e-05	9.73366892228803e-10	1.96994332758219e-05	0.000108525619527659	1.00549074832364e-09
1.897561134	6.83232292042797e-06	5.91874843777493e-05	9.7203944462799e-10	2.44728694581726e-05	0.000132586361051428	1.03473723924688e-09	1.5423121706688e-05	8.87720501947666e-05	1.00496834394053e-09	1.33911445579816e-05	7.63585378951892e-05	9.7292275422565e-10	1.86321724508308e-05	0.000107058590379053	1.00501659146006e-09
1.912621143	6.54494755572524e-06	5.76719569991415e-05	9.71604868295341e-10	2.35128254673305e-05	0.000129989294468108	1.03425251383861e-09	1.47272324972509e-05	8.64468642203609e-05	1.004470027893e-09	1.27763155488616e-05	7.39820505134584e-05	9.72266749435602e-10	1.77514061334035e-05	0.00010406361671798	1.00454506579406e-09
1.927681152	6.42921898549302e-06	5.66073293296786e-05	9.71143987650871e-10	2.24452184596097e-05	0.000126638986740246	1.03377991245512e-09	1.40642370727471e-05	8.48364962695201e-05	1.00402923536094e-09	1.22335796179598e-05	7.22276714040112e-05	9.71770098143982e-10	1.6806437620655e-05	0.000102536761952896	1.00415414883256e-09
1.942741161	5.9693227816695e-06	5.56454960601197e-05	9.70607066990118e-10	2.11793607293671e-05	0.000123264889391042	1.03327223376463e-09	1.36294095747073e-05	8.31289760925376e-05	1.00373752251344e-09	1.16071306989119e-05	7.08474629953917e-05	9.71319996664967e-10	1.64880632990377e-05	0.000100081593273273	1.00374462680845e-09
1.95780117	5.80589045511303e-06	5.40836973336473e-05	9.70078219885235e-10	2.02926661009453e-05	0.000119344289630592	1.03261923046754e-09	1.31535212511309e-05	8.04956166835902e-05	1.00325469544063e-09	1.10723497843194e-05	6.87581059947346e-05	9.70889927578785e-10	1.55379759646403e-05	9.72388943659417e-05	1.0033441907736e-09
1.972861179	5.27592656608888e-06	5.30070698592747e-05	9.69669347519426e-10	1.94017517796793e-05	0.000116303761147075	1.03219456710185e-09	1.24630710961037e-05	7.82406878722296e-05	1.00282030333695e-09	1.04143833610476e-05	6.70419251266367e-05	9.7045150627158e-10	1.48986942138506e-05	9.46275927104884e-05	1.00283713448844e-09
1.987921188	5.21209542806218e-06	5.25090536223059e-05	9.69544097898231e-10	1.89421145129414e-05	0.000115558589644	1.0320927974423e-09	1.21933497629543e-05	7.7605882219853e-05	1.00265308648625e-09	1.03976738666682e-05	6.66499814028363e-05	9.70311517206809e-10	1.47376871697795e-05	9.43835414517291e-05	1.0026729967091e-09
